9.65716523101018 24.4581675802662 11.5380736100235 23.4828817541112
11.5380736100235 23.4828817541112 11.7470634299139 17.0041973375098
-1.79432579890881 19.2899454403741 2.71261106780982 19.567295401403
2.71261106780982 19.567295401403 2.36592361652378 23.2421823850351
2.36592361652378 23.2421823850351 7.77424785658613 24.559594699922
7.77424785658613 24.559594699922 9.715697583788 24.4902572096648
4.23803585346844 -2.20467653936088 -0.407575993764613 -2.3433515198753
-0.407575993764613 -2.3433515198753 -0.476913484021829 2.09424785658613
-0.476913484021829 2.09424785658613 3.40598597038192 2.37159781761496
3.40598597038192 2.37159781761496 3.61399844115354 8.61197194076384
3.61399844115354 8.61197194076384 0.00844894777864269 8.47329696024941
0.00844894777864269 8.47329696024941 0.00844894777864269 9.99872174590801
0.00844894777864269 9.99872174590801 3.9606858924396 9.72137178487918
3.9606858924396 9.72137178487918 3.54466095089634 14.0896336710834
3.54466095089634 14.0896336710834 2.71261106780982 17.1404832424006
2.71261106780982 17.1404832424006 -4.84517537022604 16.7937957911146
-4.84517537022604 16.7937957911146 -16.9792361652377 16.2390958690569
-16.9792361652377 16.2390958690569 -20.7927981293843 16.0310833982853
-20.7927981293843 16.0310833982853 -20.7927981293843 18.4578955572876
-20.7927981293843 18.4578955572876 -11.2935619641465 18.8045830085736
-11.2935619641465 18.8045830085736 -1.79432579890881 19.2899454403741
2.08857365549494 -49.9782073265783 4.23803585346844 -50.3248947778644
4.09936087295401 -50.2555572876072 4.03002338269681 -45.0552455183164
4.03002338269681 -45.0552455183164 4.7233982852689 -44.9859080280592
4.7233982852689 -44.9859080280592 4.58472330475448 -36.9427591582229
4.58472330475448 -36.9427591582229 5.69412314886984 -36.8734216679657
5.69412314886984 -36.8734216679657 5.83279812938425 -25.2940607950117
5.83279812938425 -25.2940607950117 5.83279812938425 -14.6160872954014
5.83279812938425 -14.6160872954014 5.69412314886984 -5.67155105222136
5.69412314886984 -5.67155105222136 5.69412314886984 1.1928604832424
5.69412314886984 1.1928604832424 5.34743569758379 8.61197194076384
5.34743569758379 8.61197194076384 4.93141075604053 13.6042712392829
4.93141075604053 13.6042712392829 5.13942322681216 17.2098207326578
5.13942322681216 17.2098207326578 7.08087295401403 17.5565081839439
7.08087295401403 17.5565081839439 10.5477474668745 16.4471083398285
10.5477474668745 16.4471083398285 11.8651597817615 17.0711457521434
2.15791114575214 -50.18621979735 2.22724863600935 -41.0336710833983
2.22724863600935 -41.0336710833983 3.54466095089634 -40.8256586126267
3.54466095089634 -40.8256586126267 3.61399844115354 -32.3664848012471
3.61399844115354 -32.3664848012471 0.216461418550274 -32.3664848012471
0.216461418550274 -32.3664848012471 0.216461418550274 -31.3264224473889
0.216461418550274 -31.3264224473889 3.68333593141076 -31.1877474668745
3.68333593141076 -31.1877474668745 4.51538581449728 -24.8086983632112
4.51538581449728 -24.8086983632112 0.0777864380358544 -24.8086983632112
0.0777864380358544 -24.8086983632112 0.216461418550274 -20.8564614185503
0.216461418550274 -20.8564614185503 3.68333593141076 -20.7177864380359
3.68333593141076 -20.7177864380359 4.37671083398285 -13.2986749805144
4.37671083398285 -13.2986749805144 -0.0608885424785619 -13.2986749805144
-0.0608885424785619 -13.2293374902572 -0.130226032735774 -10.0398129384256
-0.130226032735774 -10.0398129384256 3.54466095089634 -9.90113795791115
3.54466095089634 -9.90113795791115 4.23803585346844 -2.27401402961809
