-93.4100000000000	57.1100000000000	-98.4909557991743	51.0547526725217
-72.4100000000000	-111.710000000000	-69.3458226762745	-114.281150973546
-128.550000000000	-60.8200000000000	-122.951812000000	-60.8200000000000
-161.910000000000	62.3200000000000	-166.990955799174	56.2647526725217
-80.4800000000000	25.6500000000000	-80.4800000000000	27.2300000000000
-49.7400000000000	-34.3000000000000	-47.6710990000000	-34.3000000000000
-109.029033530000	-14.3600000000000	-106.930966470000	-14.3600000000000
-156.390000000000	75.5300000000000	-153.325822676275	72.9588490264540
-131.160000000000	4.93000000000000	-131.160000000000	6.74437100000000
-30.2390335300000	-22.1700000000000	-28.1409664700000	-22.1700000000000
-131.580000000000	-14.3600000000000	-128.830000000000	-14.3600000000000
-126.980000000000	-14.3600000000000	-126.580000000000	-14.3600000000000
2.00000005061455	12.7900000000000	1.99999994938545	12.2100000000000
-152.550000000000	13.3300000000000	-144.645436000000	13.3300000000000
-97.0600000000000	-56.2000000000000	-103.303692000000	-56.2000000000000
-81.7300000000000	-130.260000000000	-76.6490442008257	-124.204752672522
-80.5000000000000	19.4700000000000	-80.5000000000000	16.7200000000000
-80.5000000000000	14.8700000000000	-80.5000000000000	14.4700000000000
-92	-100.590000000000	-92	-111.260976000000
-78.7100000000000	-86.6499900000000	-86.6145640000000	-86.6499900000000
-144.380000000000	-6.49000200000000	-144.380000000000	-18.8879660000000
-78.7100000000000	-93	-86.6145640000000	-93
-98.0099900000000	69.2900000000000	-92.9290342008257	75.3452473274783
-94.6900000000000	-6.34000000000000	-96.7589010000000	-6.34000000000000
-63.6790335300000	-22.1700000000000	-61.5809664700000	-22.1700000000000
-67.7900000000000	20.3300000000000	-75.6945640000000	20.3300000000000
-76.0590335300000	-22.1700000000000	-73.9609664700000	-22.1700000000000
2.00000005061455	0.789999999999996	1.99999994938545	0.210000000000004
-90.8199900000000	-19.0300000000000	-90.8199900000000	-26.9345640000000
-161.710000000000	51.9700000000000	-160.403924866260	50.8740728369888
-3	38	-3	37
-47.4500000000000	-14.0700000000000	-47.4500000000000	-21.9745640000000
-75.9100000000000	-14.2900000000000	-75.9100000000000	-6.38543600000000
-2	74	-2	73
-131.160000000000	17.8600000000000	-131.160000000000	19.6743710000000
-2	5.25000000000000	-2	1.25000000000000
-144.550000000000	33.1700000000000	-152.454564000000	33.1700000000000
-10.2500000000000	18.1400000000000	-2.34543600000000	18.1400000000000
-91.9600000000000	-94.2100000000000	-91.9600000000000	-92.6300000000000
-10.1400000000000	7.99000000000000	-10.1400000000000	6.99000000000000
-174.211000000000	72.8979900000000	-171.539127069228	70.6560224092362
-92.4500000000000	56.5900000000000	-90.3433777814228	54.8223340733620
-88.9261955616527	53.6331769954419	-88.6197777844051	53.3760619515673
6	69	6.00000069813170	72.9999999999999
1.71000000000000	78.5000000000000	2.29000000000000	78.5000000000000
-177.280000000000	75.5200000000000	-174.215822227524	72.9488495612538
-57.3470000000000	-134.682000000000	-60.1312782409147	-138.000173596392
-144.300000000000	-6.51000100000000	-144.300000000000	-4.93000100000000
-131.160000000000	11.4300000000000	-131.160000000000	7.43000000000000
-88.0200000000000	60.9000000000000	-82.9390442008257	66.9552473274783
-78.6100000000000	-82.7500000000000	-78.6100000000000	-80.9356290000000
-72.4100000000000	-111.810000000000	-73.7998886187563	-110.643744559244
-144.320000000000	25.7400000000000	-144.320000000000	22.9900000000000
-144.320000000000	21.1400000000000	-144.320000000000	20.7400000000000
-102.274824889936	64.8521977883476	-103.485175110064	65.8678022116524
-152.450000000000	38.9100000000000	-152.450000000000	37.2050400000000
-131.860000000000	-26.9200000000000	-131.860000000000	-19.0154360000000
-88.5300000000000	0.200000800000000	-80.6254360000000	0.200000800000000
-74.0485150400000	-26.2700000000000	-76.2514849600000	-26.2700000000000
-138.880000000000	-60.8200000000000	-133.281812000000	-60.8200000000000
-92.1499900000000	-73.8100000000000	-100.054554000000	-73.8100000000000
-62.0500000000000	-21.9300000000000	-62.0500000000000	-14.0254360000000
-139.060000000000	19.6500000000000	-131.155436000000	19.6500000000000
-2.26000000000000	39	-10.1645640000000	39
-67.7900000000000	-5.33000200000000	-75.6945640000000	-5.33000200000000
-2	67.7500000000000	-2	63.7500000000000
-144.320000000000	12.9600000000000	-144.320000000000	10.2100000000000
-144.320000000000	8.36000000000000	-144.320000000000	7.96000000000000
-80.5300000000000	20.4300000000000	-88.4345640000000	20.4300000000000
-74.2690335300000	-22.1700000000000	-72.1709664700000	-22.1700000000000
-2	60.9800000000000	-2	56.9800000000000
-86.7599998500820	-66.8710330000000	-86.7600001499180	-68.5889670000000
-24.6300000000000	-14.0500000000000	-26.6989010000000	-14.0500000000000
10	51.2500000000000	10.0000001745329	52.2500000000000
-2	6.25000000000000	-2	5.25000000000000
-77.2000000000000	-123.770000000000	-82.2809557991743	-129.825247327478
-2	61.9400000000000	-2	60.9400000000000
-122.900000000000	-56.2000000000000	-129.143692000000	-56.2000000000000
6	68	6.00000017453293	69.0000000000000
-10.1400000000000	12.4900000000000	-10.1400000000000	16.4900000000000
-139.369999862119	-4.98999900000001	-139.370000137881	-6.56999899999999
-44.1600000000000	-26.2800000000000	-41.4100000000000	-26.2800000000000
-39.5600000000000	-26.2800000000000	-39.1600000000000	-26.2800000000000
-75.6000000000000	0.380001100000000	-67.6954360000000	0.380001100000000
-67.6900000000000	30.6100000000000	-67.6900000000000	32.4243710000000
-26.6500000000000	-21.9300000000000	-26.6500000000000	-14.0254360000000
10	62.3800000000000	2.09543600000000	62.3800000000000
-87.5000000000000	52.4600000000000	-80.4154371393694	46.5153459165926
-130.040000000000	-6.36000100000000	-126.040000000000	-6.36000100000000
-139.380000000000	39.9900000000000	-139.380000000000	42.9349248000000
-10.1400000000000	11.9900000000000	-10.1400000000000	7.99000000000000
-78.4800000000000	63.3400000000000	-83.5609557991743	57.2847526725217
-83.4900100000000	67.5500000000000	-88.5709657991743	61.4947526725217
-79.6251651100640	-116.022197788348	-78.4148148899360	-117.037802211652
-77.4300000000000	-133.760000000000	-80.4941777724759	-131.188849561254
-17.1200000000000	-26.2800000000000	-14.3700000000000	-26.2800000000000
-12.5200000000000	-26.2800000000000	-12.1200000000000	-26.2800000000000
-60.0300000000000	-14.0500000000000	-62.0989010000000	-14.0500000000000
-2.26000000000000	24.3700000000000	-10.1645640000000	24.3700000000000
-82.3000000000000	-129.670000000000	-85.3641777724759	-127.098849561254
-144.300000000000	12.8900000000000	-144.300000000000	14.4700000000000
-37.2090335300000	-22.1700000000000	-35.1109664700000	-22.1700000000000
-144.320000000000	32.1000000000000	-144.320000000000	29.3500000000000
-144.320000000000	27.5000000000000	-144.320000000000	27.1000000000000
-61.6200000000000	-22.1700000000000	-58.8700000000000	-22.1700000000000
-57.0200000000000	-22.1700000000000	-56.6200000000000	-22.1700000000000
-2.01000000000000	44.4100000000000	-2.01000000000000	41.6600000000000
-2.01000000000000	39.8100000000000	-2.01000000000000	39.4100000000000
10	56.2500000000000	9.99999930186830	52.2500000000001
-138.870000000000	-18.8900000000000	-138.870000000000	-30.1350360000000
-2.01000000000000	12.3600000000000	-2.01000000000000	9.61000000000000
-2.01000000000000	7.76000000000000	-2.01000000000000	7.36000000000000
-91.9400000000000	-56.2000000000000	-98.1836920000000	-56.2000000000000
-39.0890335300000	-22.1700000000000	-36.9909664700000	-22.1700000000000
-94.7300000000000	-6.36000100000000	-90.7300000000000	-6.36000100000000
-88.4299900000000	0.220001200000000	-88.4299900000000	-1.48495880000000
-152.450000000000	0.319999700000000	-152.450000000000	-1.38496030000000
-117.770000000000	-56.2000000000000	-124.013692000000	-56.2000000000000
-157.850000000000	66.4900000000000	-152.769044200826	72.5452473274783
-152.550000000000	38.9100000000000	-144.645436000000	38.9100000000000
-62.5000000000000	-120.120000000000	-63.8898886187563	-118.953744559244
-71.2599900000000	-34.3300000000000	-71.2599900000000	-26.4254360000000
-84.0700000000000	57.3600000000000	-86.1766222185772	59.1276659266380
-87.5938044383473	60.3168230045581	-87.9002222155949	60.5739380484327
-81.7300000000000	-130.160000000000	-80.4239248662599	-131.255927163011
-105.130000000000	-18.9200000000000	-102.380000000000	-18.9200000000000
-100.530000000000	-18.9200000000000	-100.130000000000	-18.9200000000000
-88.4299900000000	33.2900000000000	-88.4299900000000	37.2900000000000
-98.3700000000000	61.2800000000000	-103.450955799174	55.2247526725217
-75.9299998621190	27.1200000000000	-75.9300001378810	25.5400000000000
-44.0685150400000	-26.2700000000000	-46.2714849600000	-26.2700000000000
-153.200000000000	73.0400000000000	-158.280955799174	66.9847526725217
-67.6900000000000	30.6700000000000	-67.6900000000000	26.6700000000000
-86.6000100000000	-126.070000000000	-85.2939348662599	-127.165927163011
-153.895175110064	62.9678022116524	-152.684824889936	61.9521977883476
-19.3190335300000	-22.1700000000000	-17.2209664700000	-22.1700000000000
10	-21.6400000000000	10.0000001745329	-20.6400000000000
-2	23.5000000000000	-2	19.5000000000000
-80.5000000000000	12.9700000000000	-80.5000000000000	10.2200000000000
-80.5000000000000	8.37000000000000	-80.5000000000000	7.97000000000000
-2	27.0188000000000	-2	25.2413000000000
-125.980000000000	-19.0300000000000	-125.980000000000	-26.9345640000000
-63.8485150400000	-26.2700000000000	-66.0514849600000	-26.2700000000000
-82.4390435300000	-14.3600000000000	-80.3409764700000	-14.3600000000000
-31.7000000000000	-34.3000000000000	-29.6310990000000	-34.3000000000000
-139.060000000000	13.1600000000000	-131.155436000000	13.1600000000000
-17.0285150400000	-26.2700000000000	-19.2314849600000	-26.2700000000000
-51.3100000000000	-14.0500000000000	-53.3789010000000	-14.0500000000000
-96.2199900000000	-14.3600000000000	-93.4699900000000	-14.3600000000000
-91.6199900000000	-14.3600000000000	-91.2199900000000	-14.3600000000000
-80.5000000000000	32.2400000000000	-80.5000000000000	29.4900000000000
-80.5000000000000	27.6400000000000	-80.5000000000000	27.2400000000000
6	68.5000000000000	2	68.5000000000000
2	32	2.00000017453293	33.0000000000000
-105.610000000000	-26.9200000000000	-105.610000000000	-19.0154360000000
-44.5000000000000	-21.9300000000000	-44.5000000000000	-14.0254360000000
-35.1600000000000	-26.2800000000000	-32.4100000000000	-26.2800000000000
-30.5600000000000	-26.2800000000000	-30.1600000000000	-26.2800000000000
10	50.5900000000000	2.09543600000000	50.5900000000000
-152.450000000000	20.4400000000000	-152.450000000000	24.4400000000000
-98.8800000000000	69.7599900000000	-101.222156641240	71.7252934704267
-2	68.7900000000000	-2	68.2100000000000
-152.550000000000	32.4700000000000	-144.645436000000	32.4700000000000
-67.6900000000000	17.9600000000000	-67.6900000000000	13.9600000000000
-88.4299900000000	26.2200000000000	-88.4299900000000	24.5150400000000
10	6.54999900000000	2.09543600000000	6.54999900000000
-67.6900000000000	-1.35000200000000	-67.6900000000000	-5.35000200000000
-76.1499900000000	-41.9700000000000	-76.1499900000000	-34.0654360000000
-21.3090335300000	-22.1700000000000	-19.2109664700000	-22.1700000000000
-133.200000000000	-14.3800000000000	-139.443692000000	-14.3800000000000
-144.550000000000	13.9700000000000	-152.454564000000	13.9700000000000
-144.310000000000	47.8700000000000	-144.310000000000	39.9654360000000
-100.150000000000	-80.8500100000000	-92.2454360000000	-80.8500100000000
-87.4085150400000	-18.9100000000000	-89.6114849600000	-18.9100000000000
-144.300000000000	6.50000100000000	-144.300000000000	8.08000100000000
-28.2790335300000	-22.1700000000000	-26.1809664700000	-22.1700000000000
-168.665175110064	75.3578022116524	-167.454824889936	74.3421977883476
-2	39.2900000000000	-2.00000000000000	37.7100000000000
-89.4090435300000	-14.3600000000000	-87.3109764700000	-14.3600000000000
-144.300000000000	32.0300000000000	-144.300000000000	33.6100000000000
6.00000005061455	78.7900000000000	5.99999994938545	78.2100000000000
-10.1400000000000	44.5500000000000	-10.1400000000000	48.5500000000000
-76.4800000000000	-124.160000000000	-74.3733777814228	-125.927665926638
-72.9561955616527	-127.116823004558	-72.6497777844051	-127.373938048433
-2	7.75000000000000	-2	6.75000000000000
-144.300000000000	19.2900000000000	-144.300000000000	20.8700000000000
-138.870000000000	-40.4200000000000	-138.870000000000	-51.6650360000000
10.0000001378810	32.2900000000000	9.99999986211899	30.7100000000000
-10.1400000000000	62.1600000000000	-10.1400000000000	60.4550400000000
-168.580000000000	75.2500000000000	-170.762275835349	77.0811474976196
10	-21.6200000000000	2.09543600000000	-21.6200000000000
-80.5300000000000	7.53999900000000	-88.4345640000000	7.53999900000000
-101.550000000000	72.0400000000000	-102.765853847156	70.5910018095827
-2.00000000000000	-6.29000000000000	-2	-4.71000000000000
-75.6000000000000	19.6900000000000	-67.6954360000000	19.6900000000000
-88.4299900000000	39	-88.4299900000000	37.2950400000000
-10.1400000000000	-17.2000000000000	-10.1400000000000	-16.6200000000000
2	33	2.00000017453293	34.0000000000000
-133.960000000000	-60.8200000000000	-128.361812000000	-60.8200000000000
-88.4299900000000	20.5100000000000	-88.4299900000000	24.5100000000000
-67.6900000000000	17.9000000000000	-67.6900000000000	19.7143710000000
-107.099033530000	-14.3600000000000	-105.000966470000	-14.3600000000000
2	12.2500000000000	1.99999952003446	9.50000000000004
1.99999919714854	7.65000000000007	1.99999912733537	7.25000000000008
-105.650000000000	-26.9000000000000	-101.650000000000	-26.9000000000000
-91.9600000000000	-100.770000000000	-91.9600000000000	-99.1900000000000
10	-21.6600000000000	9.99999930186830	-25.6599999999999
-139.370000000000	33.7000000000000	-139.369999520034	36.4500000000000
-139.369999197149	38.2999999999999	-139.369999127335	38.6999999999999
-35.6100000000000	-34.3100000000000	-31.6100000000000	-34.3100000000000
-75.9299998621190	33.5200000000000	-75.9300001378810	31.9400000000000
-78.6100000000000	-76.2400100000000	-78.6100000000000	-80.2400100000000
-112.370000000000	-6.34000000000000	-114.438901000000	-6.34000000000000
10	44.2500000000000	9.99999930186830	40.2500000000001
10.0000001378810	7.28999999999999	9.99999986211899	5.71000000000001
2.00000013788101	51.2900000000000	1.99999986211899	49.7100000000000
-126.140000000000	-6.36000100000000	-126.140000000000	-14.2645650000000
-100.050000000000	-87.2300000000000	-100.050000000000	-88.9349600000000
-100.050000000000	-86.5500000000000	-100.050000000000	-82.5500000000000
-98.4400000000000	51.1800000000000	-101.504177772476	53.7511504387462
-100.050000000000	-68.0099900000000	-100.050000000000	-69.7149500000000
-26.7500000000000	-34.3100000000000	-22.7500000000000	-34.3100000000000
-2.26000000000000	-5.10000200000000	-10.1645640000000	-5.10000200000000
-92.1499900000000	-93.0300000000000	-100.054554000000	-93.0300000000000
-112.410000000000	-6.36000100000000	-108.410000000000	-6.36000100000000
-53.1900000000000	-26.2800000000000	-50.4400000000000	-26.2800000000000
-48.5900000000000	-26.2800000000000	-48.1900000000000	-26.2800000000000
-70.8700000000000	-21.9300000000000	-70.8700000000000	-14.0254360000000
-2	-5.50000000000000	-2	-6.50000000000000
-162.740000000000	70.6000000000000	-157.659044200826	76.6552473274783
-131.260000000000	26.8300000000000	-139.164564000000	26.8300000000000
-20.8300000000000	-26.4400000000000	-20.8300000000000	-34.3445640000000
-2	13.2500000000000	-2	12.2500000000000
-176.010000000000	63.9600000000000	-174.703924866260	62.8640728369888
-152.550000000000	0.319999700000000	-144.645436000000	0.319999700000000
-86.6000100000000	-126.170000000000	-81.5190542008257	-120.114752672522
-11.9800000000000	-26.4400000000000	-11.9800000000000	-34.3445640000000
2.00000013788101	-4.71000000000001	1.99999986211899	-6.28999999999999
-131.160000000000	30.8100000000000	-131.160000000000	26.8100000000000
-80.3900000000000	-33.8400000000000	-80.3900000000000	-45.0850360000000
-100.050000000000	-73.7100100000000	-100.050000000000	-69.7100100000000
2.00000005061455	56.7900000000000	1.99999994938545	56.2100000000000
-10.1400000000000	50.2600000000000	-10.1400000000000	48.5550400000000
-2	17.2500000000000	-2	13.2500000000000
-71.3000000000000	-34.3100000000000	-67.3000000000000	-34.3100000000000
1.99999986211899	61.7100000000000	2.00000013788101	63.2900000000000
-99.7300000000000	-19.0300000000000	-99.7300000000000	-26.9345640000000
-86.5099900000000	-93.7000000000000	-78.6054260000000	-93.7000000000000
-67.6900000000000	24.2500000000000	-67.6900000000000	26.0643710000000
-86.7599998621190	-92.5900000000000	-86.7600001378810	-94.1700000000000
-2.00000000000000	23.7100000000000	-2	25.2900000000000
-144.550000000000	26.7300000000000	-152.454564000000	26.7300000000000
6	78.5000000000000	2	78.5000000000000
-156.390000000000	75.4700000000000	-157.779888618756	76.6362554407559
-92.2448248899360	56.4321977883476	-93.4551751100640	57.4478022116524
-152.450000000000	1.20999900000000	-152.450000000000	5.20999900000000
-88.4299900000000	6.78999900000000	-88.4299900000000	5.08503900000000
-29.6900000000000	-26.4400000000000	-29.6900000000000	-34.3445640000000
-2	-10.5000000000000	-2	-11.2500000000000
-88.4299900000000	-5.49000200000000	-88.4299900000000	-1.49000200000000
-80.4800000000000	6.37999800000000	-80.4800000000000	7.95999800000000
-98.2790335300000	-14.3600000000000	-96.1809664700000	-14.3600000000000
-10.2500000000000	50.2000000000000	-2.34543600000000	50.2000000000000
-139.060000000000	0.380001100000000	-131.155436000000	0.380001100000000
-84.7285150400000	-49.6700000000000	-86.9314849600000	-49.6700000000000
-102.770000000000	54.8000000000000	-101.463924866260	53.7040728369888
-157.410000000000	48.3700000000000	-160.474177772476	50.9411504387462
-86.8300000000000	-66.9200000000000	-86.8300000000000	-57.2982760000000
-75.9299998621190	1.53999999999999	-75.9300001378810	-0.0399999999999880
-107.850000000000	-56.2000000000000	-114.093692000000	-56.2000000000000
-2.03000000000000	-26.2900000000000	-5.50360680000000	-26.2900000000000
-28.0485150400000	-26.2700000000000	-30.2514849600000	-26.2700000000000
-138.870000000000	-29.5200000000000	-138.870000000000	-40.7650360000000
2	44.7500000000000	2.00000047996554	47.5000000000000
2.00000080285146	49.3499999999999	2.00000087266463	49.7499999999999
-42.4800000000000	-14.0500000000000	-44.5489010000000	-14.0500000000000
-2	24.5000000000000	-2	23.5000000000000
10	18.5400000000000	2.09543600000000	18.5400000000000
-138.870000000000	-49.6400000000000	-138.870000000000	-60.8850360000000
-78.7100000000000	-80.2400100000000	-86.6145640000000	-80.2400100000000
-123.420000000000	-60.8200000000000	-117.821812000000	-60.8200000000000
2.00000005061455	68.4900000000000	1.99999994938545	67.9100000000000
-67.3900000000000	-34.3000000000000	-65.3210990000000	-34.3000000000000
-10.2500000000000	6.10000000000000	-2.34543600000000	6.10000000000000
-56.5800000000000	-26.4400000000000	-56.5800000000000	-34.3445640000000
-10.1400000000000	11.9000000000000	-10.1400000000000	12.4800000000000
-70.9600000000000	-26.2800000000000	-68.2100000000000	-26.2800000000000
-66.3600000000000	-26.2800000000000	-65.9600000000000	-26.2800000000000
-156.144824889936	57.7421977883476	-157.355175110064	58.7578022116524
-91.9600000000000	-81.3599900000000	-91.9600000000000	-79.7799900000000
-2	38	-3	38
2.00000013788101	39.2900000000000	1.99999986211899	37.7100000000000
-52.8200000000000	-22.1700000000000	-50.0700000000000	-22.1700000000000
-48.2200000000000	-22.1700000000000	-47.8200000000000	-22.1700000000000
-131.160000000000	37.2000000000000	-131.160000000000	39.0143710000000
-131.260000000000	-5.33000200000000	-139.164564000000	-5.33000200000000
-75.9100000000000	41.2784000000000	-75.9100000000000	50.5266400000000
-62.4600000000000	-34.3300000000000	-62.4600000000000	-26.4254360000000
-139.369999862119	33.7800000000000	-139.370000137881	32.2000000000000
-131.338515040000	-18.9100000000000	-133.541484960000	-18.9100000000000
-80.5000000000000	25.8200000000000	-80.5000000000000	23.0700000000000
-80.5000000000000	21.2200000000000	-80.5000000000000	20.8200000000000
1.99999986211899	17.7100000000000	2.00000013788101	19.2900000000000
-17.2600000000000	-22.1700000000000	-14.5100000000000	-22.1700000000000
-12.6600000000000	-22.1700000000000	-12.2600000000000	-22.1700000000000
-114.340000000000	-26.9200000000000	-114.340000000000	-19.0154360000000
-151.324824889936	53.7021977883476	-152.535175110064	54.7178022116524
-2	18.2500000000000	-2	17.2500000000000
-78.7100000000000	-116.610000000000	-73.6290442008257	-110.554752672522
-67.5800000000000	-131.850000000000	-72.6609557991743	-137.905247327478
-69.2100000000000	-114.210000000000	-74.2909557991743	-120.265247327478
-96.7400100000000	-26.9000000000000	-92.7400100000000	-26.9000000000000
-78.6100000000000	-95.5000000000000	-78.6100000000000	-93.6856290000000
2.00000005061455	-16.1800000000000	1.99999994938545	-16.7600000000000
-2.26000000000000	6.93999900000000	-10.1645640000000	6.93999900000000
-10.1400000000000	55.8600000000000	-10.1400000000000	56.4400000000000
-53.6500000000000	-34.3100000000000	-49.6500000000000	-34.3100000000000
-96.2100000000000	-18.9200000000000	-93.4600000000000	-18.9200000000000
-91.6100000000000	-18.9200000000000	-91.2100000000000	-18.9200000000000
-78.6100000000000	-89.1000100000000	-78.6100000000000	-87.2856390000000
-91.9800000000000	-94.1799900000000	-91.9800000000000	-96.9299900000000
-91.9800000000000	-98.7799900000000	-91.9800000000000	-99.1799900000000
-114.380000000000	-26.9000000000000	-110.380000000000	-26.9000000000000
-81.6700000000000	65.7700000000000	-83.0598886187563	66.9362554407559
-2	1.25000000000000	-2	0.250000000000000
-10.1400000000000	51.9500000000000	-10.1400000000000	50.9500000000000
-86.7600000000000	-86.2300000000000	-86.7599995200345	-83.4800000000001
-86.7599991971486	-81.6300000000001	-86.7599991273354	-81.2300000000001
10	37	10.0000001745329	38.0000000000000
-67.4800000000000	-115.940000000000	-68.8698886187563	-114.773744559244
-15.8800000000000	-14.0700000000000	-11.8800000000000	-14.0700000000000
10	-4.75000000000000	10.0000001745329	-3.75000000000002
-72.6800000000000	-137.750000000000	-75.7441777724759	-135.178849561254
10.1250000000000	-26.2900000000000	-2.21654400000000	-26.2900000000000
-100.050000000000	-74.4300100000000	-100.050000000000	-76.1349700000000
10.0000001378810	63.0400000000000	9.99999986211899	61.4600000000000
-146.630000000000	67.2800000000000	-148.019888618756	68.4462554407559
-10.2500000000000	30.1400000000000	-2.34543600000000	30.1400000000000
-103.510000000000	-6.36000100000000	-99.5100000000000	-6.36000100000000
-93.4100000000000	46.9600000000000	-96.4741777724759	49.5311504387462
-2	0.210000000000000	-2	0.790000000000000
-113.890000000000	-18.9200000000000	-111.140000000000	-18.9200000000000
-109.290000000000	-18.9200000000000	-108.890000000000	-18.9200000000000
-75.8500000000000	50.4400000000000	-82.9345618230927	56.3846553198968
-35.0685150400000	-26.2700000000000	-37.2714849600000	-26.2700000000000
10	48.7500000000000	10.0000001745329	49.7500000000000
-2	-15.7900000000000	-2	-16.7900000000000
-91.9800000000000	-74.7699900000000	-91.9800000000000	-77.5199900000000
-91.9800000000000	-79.3699900000000	-91.9800000000000	-79.7699900000000
-78.6100000000000	-69.8999900000000	-78.6100000000000	-68.0856190000000
-78.6100000000000	-89	-78.6100000000000	-93
-33.7500000000000	-14.0700000000000	-29.7500000000000	-14.0700000000000
-80.5000000000000	6.41000000000000	-80.5000000000000	3.66000000000000
-80.5000000000000	1.81000000000000	-80.5000000000000	1.41000000000000
-26.2200000000000	-22.1700000000000	-23.4700000000000	-22.1700000000000
-21.6200000000000	-22.1700000000000	-21.2200000000000	-22.1700000000000
-2	78.7900000000000	-2	78.2100000000000
-70.4299900000000	-22.1700000000000	-67.6799900000000	-22.1700000000000
-65.8299900000000	-22.1700000000000	-65.4299900000000	-22.1700000000000
-152.450000000000	26.7700000000000	-152.450000000000	30.7700000000000
-131.160000000000	-1.35000200000000	-131.160000000000	-5.35000200000000
-88.5300000000000	32.6100000000000	-80.6254360000000	32.6100000000000
-78.6100000000000	-76.3400000000000	-78.6100000000000	-74.5256290000000
-117.849033530000	-14.3600000000000	-115.750966470000	-14.3600000000000
-84.1351751100640	57.4178022116524	-82.9248248899360	56.4021977883476
-97.5900000000000	-60.8200000000000	-91.9918120000000	-60.8200000000000
2	56.7500000000000	2.00000047996554	59.5000000000000
2.00000080285146	61.3499999999999	2.00000087266463	61.7499999999999
-152.550000000000	26.1400000000000	-144.645436000000	26.1400000000000
-134.230000000000	-56.2100000000000	-134.230000000000	-48.3054360000000
-86.6799900000000	69.9800000000000	-88.0698786187563	71.1462554407559
-2	51.7500000000000	-2	50.7500000000000
-38.6200000000000	-14.0700000000000	-38.6200000000000	-21.9745640000000
-107.730000000000	58.9700000000000	-106.423924866260	57.8740728369888
-3	33	-3	32
-101.180000000000	71.6900000000000	-101.575484787477	72.0218512569329
2	-16.7200000000000	1.99999952003446	-19.4700000000000
1.99999919714854	-21.3199999999999	1.99999912733537	-21.7199999999999
-157.110000000000	58.2900000000000	-162.190955799174	52.2347526725217
-100.150000000000	-68.0099900000000	-92.2454360000000	-68.0099900000000
-67.6900000000000	11.5500000000000	-67.6900000000000	13.3643710000000
-2	69	-2	68.2500000000000
-44.5900000000000	-34.3100000000000	-40.5900000000000	-34.3100000000000
-26.1700000000000	-26.2800000000000	-23.4200000000000	-26.2800000000000
-21.5700000000000	-26.2800000000000	-21.1700000000000	-26.2800000000000
-131.160000000000	30.7500000000000	-131.160000000000	32.5643710000000
-151.500000000000	71.3600000000000	-152.889888618756	72.5262554407559
10	12.2500000000000	9.99999930186830	8.25000000000006
-121.220000000000	-6.34000000000000	-123.288901000000	-6.34000000000000
-11.9800000000000	-14.0700000000000	-11.9800000000000	-21.9745640000000
10	31.5400000000000	2.09543600000000	31.5400000000000
-59.3000000000000	-122.520000000000	-64.3809557991743	-128.575247327478
-66.7448248899360	-132.307802211652	-67.9551751100640	-131.292197788348
-66.8000000000000	-132.310000000000	-63.1729940542757	-135.353419351335
-88.5300000000000	13.3100000000000	-80.6254360000000	13.3100000000000
-108.590000000000	-60.8200000000000	-102.991812000000	-60.8200000000000
-78.7100000000000	-73.8000000000000	-86.6145640000000	-73.8000000000000
-35.5700000000000	-34.3300000000000	-35.5700000000000	-26.4254360000000
-2.01000000000000	56.7000000000000	-2.01000000000000	53.9500000000000
-2.01000000000000	52.1000000000000	-2.01000000000000	51.7000000000000
-151.500000000000	71.4200000000000	-148.435822676275	68.8488490264540
-62.5000000000000	-34.3100000000000	-58.5000000000000	-34.3100000000000
-151.370000000000	53.7700000000000	-144.285437139369	47.8253459165926
-70.8685050400000	-26.2700000000000	-73.0714749600000	-26.2700000000000
-78.6100000000000	-69.8000000000000	-78.6100000000000	-73.8000000000000
-144.550000000000	-5.42000200000000	-152.454564000000	-5.42000200000000
-2	48.8600000000000	-2	44.8600000000000
-152.450000000000	13.3300000000000	-152.450000000000	11.6250400000000
-20.7700000000000	-14.0700000000000	-20.7700000000000	-21.9745640000000
10.0000001378810	25.2900000000000	9.99999986211899	23.7100000000000
-53.0985150400000	-26.2700000000000	-55.3014849600000	-26.2700000000000
-144.300000000000	38.5100000000000	-144.300000000000	40.0900000000000
-19.0585150400000	-26.2700000000000	-21.2614849600000	-26.2700000000000
-108.380000000000	70.0300000000000	-104.569128238805	74.5716201123195
-91.9800000000000	-87.6200000000000	-91.9800000000000	-90.3700000000000
-91.9800000000000	-92.2200000000000	-91.9800000000000	-92.6200000000000
-163.680000000000	71.1800000000000	-165.786622218577	72.9476659266380
-167.203804438347	74.1368230045581	-167.510222215595	74.3939380484327
-2.06000000000000	-22.2200000000000	-10.1924080000000	-22.2200000000000
-88.4299900000000	19.8100000000000	-88.4299900000000	18.1050400000000
-152.450000000000	32.4700000000000	-152.450000000000	30.7650400000000
-96.1185150400000	-18.9100000000000	-98.3214849600000	-18.9100000000000
-80.5000000000000	38.6500000000000	-80.5000000000000	35.9000000000000
-80.5000000000000	34.0500000000000	-80.5000000000000	33.6500000000000
-76.9800000000000	-134.150000000000	-75.6739248662599	-135.245927163011
-92.8300000000000	-26.8900000000000	-90.7610990000000	-26.8900000000000
-100.150000000000	-93.6900000000000	-92.2454360000000	-93.6900000000000
-44	-22.1700000000000	-41.2500000000000	-22.1700000000000
-39.4000000000000	-22.1700000000000	-39	-22.1700000000000
-131.160000000000	4.99000000000000	-131.160000000000	0.990000000000000
-67.4800000000000	-115.840000000000	-64.4158226762745	-118.411150973546
-131.160000000000	37.2600000000000	-131.160000000000	33.2600000000000
-152.450000000000	6.91000000000000	-152.450000000000	5.20504000000000
-126.669033530000	-14.3600000000000	-124.570966470000	-14.3600000000000
2	26	2.00000017453293	27.0000000000000
10	38.5800000000000	2.09543600000000	38.5800000000000
-2.00000000000000	49.7100000000000	-2	51.2900000000000
-127.990000000000	-26.8900000000000	-125.921099000000	-26.8900000000000
-10.1400000000000	44.0500000000000	-10.1400000000000	40.0500000000000
10	33	10.0000006981317	36.9999999999999
10	39.2500000000000	10.0000001745329	40.2500000000000
-67.7900000000000	26.6900000000000	-75.6945640000000	26.6900000000000
-144.550000000000	7.59000000000000	-152.454564000000	7.59000000000000
-108.460000000000	-19.0300000000000	-108.460000000000	-26.9345640000000
-88.4299900000000	1.07999800000000	-88.4299900000000	5.07999800000000
-2	12.2100000000000	-2	12.7900000000000
-80.3900000000000	-6.60000200000000	-80.3900000000000	-14.5045660000000
-10.1400000000000	40.0500000000000	-10.1400000000000	39.0500000000000
-119.360000000000	-26.8900000000000	-117.291099000000	-26.8900000000000
-65.3800000000000	-26.4400000000000	-65.3800000000000	-34.3445640000000
-24.6700000000000	-14.0700000000000	-20.6700000000000	-14.0700000000000
-112.920000000000	-56.2000000000000	-119.163692000000	-56.2000000000000
-144.320000000000	19.3600000000000	-144.320000000000	16.6100000000000
-144.320000000000	14.7600000000000	-144.320000000000	14.3600000000000
-99.6100000000000	-6.36000100000000	-99.6100000000000	-14.2645650000000
-13.9900000000000	-34.3000000000000	-11.9210990000000	-34.3000000000000
2.00000013788101	32.2900000000000	1.99999986211899	30.7100000000000
10.0000000506145	-16.1000000000000	9.99999994938545	-16.6800000000000
-2.00000000000000	30.7100000000000	-2	32.2900000000000
-97.2848248899360	60.6621977883476	-98.4951751100640	61.6778022116524
-98.9551751100640	69.8378022116524	-97.7448248899360	68.8221977883476
-88.4299900000000	14.1000000000000	-88.4299900000000	18.1000000000000
-69.6600000000000	-124.380000000000	-71.7666222185772	-122.612334073362
-73.1838044383473	-121.423176995442	-73.4902222155949	-121.166061951567
2.29000000000000	-11	1.71000000000000	-11
10	32	10.0000001745329	33.0000000000000
-62.0285150400000	-26.2700000000000	-64.2314849600000	-26.2700000000000
-35.7300000000000	-21.9300000000000	-35.7300000000000	-14.0254360000000
-10.1400000000000	-17.1100000000000	-10.1400000000000	-21.1100000000000
-100.050000000000	-92.9300100000000	-100.050000000000	-88.9300100000000
-131.900000000000	-26.9000000000000	-127.900000000000	-26.9000000000000
-139.369999862119	20.8600000000000	-139.370000137881	19.2800000000000
-134.270000000000	-18.9000000000000	-132.246418800000	-18.9000000000000
-152.450000000000	26.1400000000000	-152.450000000000	24.4350400000000
10.0000001378810	39.2900000000000	9.99999986211899	37.7100000000000
-58.5900000000000	-34.3000000000000	-56.5210990000000	-34.3000000000000
-113.798515040000	-18.9100000000000	-116.001484960000	-18.9100000000000
-56.7090335300000	-22.1700000000000	-54.6109664700000	-22.1700000000000
-80.4800000000000	32.0600000000000	-80.4800000000000	33.6400000000000
10	0.250000000000000	9.99999930186830	-3.74999999999994
-2.00000000000000	17.7100000000000	-2	19.2900000000000
-89.3300000000000	-18.9300000000000	-81.4254360000000	-18.9300000000000
-92.1499900000000	-99.4900100000000	-100.054554000000	-99.4900100000000
-139.060000000000	6.71999900000000	-131.155436000000	6.71999900000000
-146.630000000000	67.3400000000000	-143.565822676275	64.7688490264540
-62.5000000000000	-120.020000000000	-59.4358226762745	-122.591150973546
-100.150000000000	-87.2300000000000	-92.2454360000000	-87.2300000000000
-76.9800000000000	-134.250000000000	-71.8990442008257	-128.194752672522
-86.7600000000000	-99.1399800000000	-86.7599995200345	-96.3899800000000
-86.7599991971486	-94.5399800000001	-86.7599991273354	-94.1399800000001
-81.7900000000000	-14.3300000000000	-89.6945640000000	-14.3300000000000
10.0000000506145	56.7900000000000	9.99999994938545	56.2100000000000
-131.260000000000	20.3800000000000	-139.164564000000	20.3800000000000
-86.8300000000000	-57.5000000000000	-86.8300000000000	-49.5954360000000
-67.6900000000000	37.1200000000000	-67.6900000000000	33.1200000000000
1.93000000000000	19.0500000000000	1.93000085682332	23.9592359999999
-2	-11.2900000000000	-2	-10.7100000000000
-88.3800000000000	52.8900000000000	-93.4609557991743	46.8347526725217
-152.450000000000	7.62999900000000	-152.450000000000	11.6299990000000
-80.5300000000000	14.0200000000000	-88.4345640000000	14.0200000000000
-166.510000000000	55.8900000000000	-161.429044200826	61.9452473274783
-86.6799900000000	70.0400000000000	-83.6158126762745	67.4688490264540
2.00000013788101	25.2900000000000	1.99999986211899	23.7100000000000
-3	32	-2	32
-84.8200000000000	-49.7100000000000	-81.3463932000000	-49.7100000000000
-91.9900100000000	-111.170000000000	-82.1060817383464	-119.463600558936
-53.6100000000000	-34.3300000000000	-53.6100000000000	-26.4254360000000
10	-16.6400000000000	9.99999930186830	-20.6399999999999
-38.6700000000000	-26.4400000000000	-38.6700000000000	-34.3445640000000
-139.369999862119	1.44999979999999	-139.370000137881	-0.130000199999988
-80.5300000000000	-5.57000000000000	-88.4345640000000	-5.57000000000000
-131.160000000000	-1.41000000000000	-131.160000000000	0.404371000000000
-86.5099900000000	-80.9500000000000	-78.6054260000000	-80.9500000000000
-2.00000000000000	5.71000000000000	-2	7.29000000000000
-92.1499900000000	-86.6499900000000	-100.054554000000	-86.6499900000000
-152.310000000000	54.2700000000000	-157.390955799174	48.2147526725217
-121.260000000000	-6.36000100000000	-117.260000000000	-6.36000100000000
-80.5000000000000	-0.110000600000000	-80.5000000000000	-2.86000060000000
-80.5000000000000	-4.71000060000000	-80.5000000000000	-5.11000060000000
-2	-16.2900000000000	-2	-17.2900000000000
-2	30.7837300000000	-2	28.9962300000000
-161.090000000000	61.8800000000000	-158.983377781423	60.1123340733620
-157.566195561653	58.9231769954419	-157.259777784405	58.6660619515673
-131.160000000000	24.3000000000000	-131.160000000000	26.1143710000000
-103.400000000000	55.3500000000000	-106.464177772476	57.9211504387462
-158.845175110064	67.1178022116524	-157.634824889936	66.1021977883476
-124.318515040000	-18.9100000000000	-126.521484960000	-18.9100000000000
-176.010000000000	63.8600000000000	-170.929044200826	69.9152473274783
-130	-6.34000000000000	-132.068901000000	-6.34000000000000
-78.6100000000000	-82.6499900000000	-78.6100000000000	-86.6499900000000
-91.6600000000000	74.2200000000000	-88.5958226762745	71.6488490264540
10	-5.51000000000000	2.09543600000000	-5.51000000000000
-131.160000000000	11.3700000000000	-131.160000000000	13.1843710000000
-2	19.5000000000000	-2	18.5000000000000
-100.050000000000	-93.6900000000000	-100.050000000000	-95.3949600000000
-152.450000000000	19.7100000000000	-152.450000000000	18.0050400000000
-124.819033530000	-14.3600000000000	-122.720966470000	-14.3600000000000
-139.370000000000	-5.09999800000000	-139.369999520034	-2.34999800000004
-139.369999197149	-0.499998000000070	-139.369999127335	-0.0999980000000766
10.0000000506145	12.7900000000000	9.99999994938545	12.2100000000000
-152.450000000000	14.0100000000000	-152.450000000000	18.0100000000000
-80.3900000000000	-18.8400000000000	-80.3900000000000	-26.7445640000000
-167.670000000000	74.7400000000000	-162.589044200826	80.7952473274783
-152.550000000000	6.91000000000000	-144.645436000000	6.91000000000000
10	-11.0900000000000	2.09543600000000	-11.0900000000000
-80.3900000000000	-26.3200000000000	-80.3900000000000	-34.2245640000000
-86.8300000000000	-110.040000000000	-86.8300000000000	-100.418276000000
-10.1400000000000	56.4500000000000	-10.1400000000000	60.4500000000000
-75.9300000000000	20.6200000000000	-75.9299995200345	23.3700000000000
-75.9299991971486	25.2199999999999	-75.9299991273354	25.6199999999999
-88.5300000000000	6.77000000000000	-80.6254360000000	6.77000000000000
6.00000007592182	68.8600000000000	5.99999992407818	67.9900000000000
-86.7600000000000	-92.7000000000000	-86.7599995200345	-89.9500000000001
-86.7599991971486	-88.1000000000001	-86.7599991273354	-87.7000000000001
-74.7151751100640	-120.132197788348	-73.5048248899360	-121.147802211652
-67.6900000000000	-1.41000000000000	-67.6900000000000	0.404371000000000
-76.1499900000000	-49.5200000000000	-76.1499900000000	-41.6154360000000
-10.2500000000000	62.1000000000000	-2.34543600000000	62.1000000000000
-103.140000000000	-60.8200000000000	-97.5418120000000	-60.8200000000000
-2	-6.50000000000000	-2	-10.5000000000000
-26.7100000000000	-34.3300000000000	-26.7100000000000	-26.4254360000000
-166.510000000000	55.9900000000000	-165.203924866260	54.8940728369888
-2	-21.2900000000000	-2	-22.2900000000000
-89.0985150400000	-18.9100000000000	-91.3014849600000	-18.9100000000000
-86.7599998621190	-73.4000000000000	-86.7600001378810	-74.9800000000000
-69.7251751100640	-124.322197788348	-68.5148248899360	-125.337802211652
-156.350000000000	57.9000000000000	-154.243377781423	56.1323340733620
-152.826195561653	54.9431769954419	-152.519777784405	54.6860619515673
-22.8400000000000	-34.3000000000000	-20.7710990000000	-34.3000000000000
-92	-44.9800000000000	-92	-56.2250360000000
10.0000001378810	51.2900000000000	9.99999986211899	49.7100000000000
2	29	2.00000017453293	30.0000000000000
-42.5200000000000	-14.0700000000000	-38.5200000000000	-14.0700000000000
-144.320000000000	0.0799980200000000	-144.320000000000	-2.67000198000000
-144.320000000000	-4.52000198000000	-144.320000000000	-4.92000198000000
-139.370000000000	1.36000100000000	-139.369999520034	4.11000099999996
-139.369999197149	5.96000099999993	-139.369999127335	6.36000099999992
10.0000000506145	44.7900000000000	9.99999994938545	44.2100000000000
-75.9300000000000	33.4100000000000	-75.9299995200345	36.1600000000000
-75.9299991971486	38.0099999999999	-75.9299991273354	38.4099999999999
-100.150000000000	-74.4300100000000	-92.2454360000000	-74.4300100000000
-161.320000000000	79.6100000000000	-162.709888618756	80.7762554407559
10	25	10.0000001745329	26.0000000000000
-86.5099900000000	-68.1000100000000	-78.6054260000000	-68.1000100000000
-160.884824889936	61.7221977883476	-162.095175110064	62.7378022116524
-62.1200000000000	-26.2800000000000	-59.3700000000000	-26.2800000000000
-57.5200000000000	-26.2800000000000	-57.1200000000000	-26.2800000000000
-51.3500000000000	-14.0700000000000	-47.3500000000000	-14.0700000000000
-163.755175110064	71.2378022116524	-162.544824889936	70.2221977883476
-67.7900000000000	33.1400000000000	-75.6945640000000	33.1400000000000
-86.7600000000000	-79.9100000000000	-86.7599995200345	-77.1600000000000
-86.7599991971486	-75.3100000000001	-86.7599991273354	-74.9100000000001
-75.6000000000000	6.90000000000000	-67.6954360000000	6.90000000000000
-144.320000000000	38.5800000000000	-144.320000000000	35.8300000000000
-144.320000000000	33.9800000000000	-144.320000000000	33.5800000000000
-81.6700000000000	65.8300000000000	-78.6058226762745	63.2588490264540
-139.380000000000	41.6500000000000	-139.380000000000	50.8982400000000
-122.728515040000	-18.9100000000000	-124.931484960000	-18.9100000000000
-173.030000000000	74.3100000000000	-174.218511719160	72.8935868888508
-131.430000000000	-18.9200000000000	-128.680000000000	-18.9200000000000
-126.830000000000	-18.9200000000000	-126.430000000000	-18.9200000000000
-75.6000000000000	13.3400000000000	-67.6954360000000	13.3400000000000
-118.570000000000	-60.8200000000000	-112.971812000000	-60.8200000000000
-102.740000000000	54.6600000000000	-97.6590442008257	60.7152473274783
-81.2400000000000	-120.170000000000	-79.1333777814228	-121.937665926638
-77.7161955616527	-123.126823004558	-77.4097777844051	-123.383938048433
-44.5500000000000	-34.3300000000000	-44.5500000000000	-26.4254360000000
-2.26000000000000	50.9000000000000	-10.1645640000000	50.9000000000000
-171.310000000000	60.0200000000000	-170.003924866260	58.9240728369888
-115.999033530000	-14.3600000000000	-113.900966470000	-14.3600000000000
-91.9600000000000	-68.5299900000000	-91.9600000000000	-66.9499900000000
-144.414000000000	-18.9000000000000	-138.815812000000	-18.9000000000000
-128.040000000000	-56.2000000000000	-134.283692000000	-56.2000000000000
-139.360000000000	50.7500000000000	-146.444561823093	56.6946553198968
-139.420000000000	-14.4400000000000	-139.420000000000	-6.53543600000000
-80.5300000000000	26.8400000000000	-88.4345640000000	26.8400000000000
-158.770000000000	67.0600000000000	-160.876622218577	68.8276659266380
-162.293804438347	70.0168230045581	-162.600222215595	70.2739380484327
-106.778515040000	-18.9100000000000	-108.981484960000	-18.9100000000000
2	12.7500000000000	2.00000047996554	15.5000000000000
2.00000080285146	17.3499999999999	2.00000087266463	17.7499999999999
-67.7900000000000	7.62999900000000	-75.6945640000000	7.62999900000000
-91.9800000000000	-81.1200000000000	-91.9800000000000	-83.8700000000000
-91.9800000000000	-85.7200000000000	-91.9800000000000	-86.1200000000000
-139.369999862119	40.2500000000000	-139.370000137881	38.6700000000000
-144.300000000000	0.00999919999999999	-144.300000000000	1.58999920000000
-132.020000000000	-14.2200000000000	-132.020000000000	-6.31543600000000
-3	37	-3	33
-63.1500000000000	-135.363000000000	-62.3692945952039	-134.432591529077
-72.4890335300000	-22.1700000000000	-70.3909664700000	-22.1700000000000
-102.310000000000	64.8600000000000	-100.203377781423	63.0923340733620
-98.7861955616527	61.9031769954419	-98.4797777844051	61.6460619515673
-107.700000000000	58.8300000000000	-102.619044200826	64.8852473274783
10	56.7500000000000	10.0000006981317	60.7499999999999
-2.01000000000000	0.349998500000000	-2.01000000000000	-2.40000150000000
-2.01000000000000	-4.25000150000000	-2.01000000000000	-4.65000150000000
-72.3300000000000	-127.860000000000	-77.4109557991743	-133.915247327478
-54.8790335300000	-22.1700000000000	-52.7809664700000	-22.1700000000000
-108.510000000000	-6.36000100000000	-108.510000000000	-14.2645650000000
-103.470000000000	-6.34000000000000	-105.538901000000	-6.34000000000000
1.93000000000000	63.2200000000000	1.93000085682332	68.1292359999999
-76.2748348899360	-124.317802211652	-77.4851851100640	-123.302197788348
2	78.5000000000000	-2	78.5000000000000
-67.6900000000000	11.6100000000000	-67.6900000000000	7.61000000000000
-40.6800000000000	-34.3000000000000	-38.6110990000000	-34.3000000000000
-64.8051751100640	-128.442197788348	-63.5948248899360	-129.457802211652
-67.6900000000000	24.3100000000000	-67.6900000000000	20.3100000000000
-10.1400000000000	43.9600000000000	-10.1400000000000	44.5400000000000
-10.1400000000000	-0.140002300000000	-10.1400000000000	0.439997700000000
-67.6900000000000	37.0600000000000	-67.6900000000000	38.8743710000000
-98.0185150400000	-18.9100000000000	-100.221484960000	-18.9100000000000
-86.5099900000000	-74.5399900000000	-78.6054260000000	-74.5399900000000
-102.940000000000	-56.2000000000000	-109.183692000000	-56.2000000000000
10	-12.1400000000000	10.0000001745329	-11.1400000000000
10.0000000506145	0.789999999999996	9.99999994938545	0.210000000000004
-134.230000000000	-41.7200000000000	-134.230000000000	-33.8154360000000
-101.740000000000	-26.8900000000000	-99.6710990000000	-26.8900000000000
-123.240000000000	-14.2200000000000	-123.240000000000	-6.31543600000000
-122.820000000000	-18.9200000000000	-120.070000000000	-18.9200000000000
-118.220000000000	-18.9200000000000	-117.820000000000	-18.9200000000000
-80.5300000000000	33.2100000000000	-88.4345640000000	33.2100000000000
-134.230000000000	-26.8000000000000	-134.230000000000	-18.8954360000000
-2.01000000000000	44.2900000000000	-2.01000000000000	44.8700000000000
-93.9800000000000	65.6700000000000	-96.0866222185772	67.4376659266380
-97.5038044383473	68.6268230045581	-97.8102222155949	68.8839380484327
-165.840000000000	65.8700000000000	-163.733377781423	64.1023340733620
-162.316195561653	62.9131769954419	-162.009777784405	62.6560619515673
-26.0785150400000	-26.2700000000000	-28.2814849600000	-26.2700000000000
10	-16.1400000000000	10.0000006981317	-12.1400000000001
-123.230000000000	-26.9200000000000	-123.230000000000	-19.0154360000000
-10.0085150400000	-26.2700000000000	-12.2114849600000	-26.2700000000000
-100.050000000000	-80.8500100000000	-100.050000000000	-82.5549700000000
-81.0348348899360	-120.327802211652	-82.2451851100640	-119.312197788348
-139.370000000000	20.7900000000000	-139.369999520034	23.5400000000000
-139.369999197149	25.3899999999999	-139.369999127335	25.7899999999999
-10.1400000000000	-16.6100000000000	-10.1400000000000	-12.6100000000000
-92	-60.8000000000000	-92	-67.0597720000000
-1	68.5000000000000	-2	68.5000000000000
-141.050000000000	52.1700000000000	-148.134561823093	58.1146553198968
-153.860000000000	62.9400000000000	-155.966622218577	64.7076659266380
-157.383804438347	65.8968230045581	-157.690222215595	66.1539380484327
-67.7900000000000	13.9800000000000	-75.6945640000000	13.9800000000000
10.0000001378810	19.2900000000000	9.99999986211899	17.7100000000000
-75.9299998621190	14.3300000000000	-75.9300001378810	12.7500000000000
2	36	2.00000017453293	37.0000000000000
-88.5300000000000	26.2000000000000	-80.6254360000000	26.2000000000000
6	74	6.00000069813170	77.9999999999999
2	68.5000000000000	1	68.5000000000000
-75.9300000000000	-5.00999800000000	-75.9299995200345	-2.25999800000004
-75.9299991971486	-0.409998000000070	-75.9299991273354	-0.00999800000007678
-134.230000000000	-34.4200000000000	-134.230000000000	-26.5154360000000
-139.370000000000	27.2300000000000	-139.369999520034	29.9800000000000
-139.369999197149	31.8299999999999	-139.369999127335	32.2299999999999
-80.4800000000000	19.2300000000000	-80.4800000000000	20.8100000000000
-68.8900000000000	-14.0700000000000	-64.8900000000000	-14.0700000000000
-131.260000000000	13.9400000000000	-139.164564000000	13.9400000000000
-97.2700000000000	60.6300000000000	-95.1633777814228	58.8623340733620
-93.7461955616527	57.6731769954419	-93.4397777844051	57.4160619515673
-3	31.7100000000000	-3	32.2900000000000
-75.6000000000000	32.4000000000000	-67.6954360000000	32.4000000000000
-170.760000000000	77.0400000000000	-173.824177772476	79.6111504387462
-139.060000000000	38.9900000000000	-131.155436000000	38.9900000000000
-46.0590335300000	-22.1700000000000	-43.9609664700000	-22.1700000000000
-78.7100000000000	-99.4000100000000	-86.6145640000000	-99.4000100000000
-165.634824889936	65.7121977883476	-166.845175110064	66.7278022116524
-10.2500000000000	-10.9600000000000	-2.34543600000000	-10.9600000000000
-88.5300000000000	38.9800000000000	-80.6254360000000	38.9800000000000
-64.9900000000000	-14.0700000000000	-64.9900000000000	-21.9745640000000
-161.710000000000	51.8700000000000	-156.629044200826	57.9252473274783
-139.369999862119	7.90999899999999	-139.370000137881	6.32999900000001
-10.1400000000000	-10.9000000000000	-10.1400000000000	-12.6049600000000
2	37	2.00000017453293	38.0000000000000
-144.300000000000	25.6700000000000	-144.300000000000	27.2500000000000
-2	63.7500000000000	-2	62.7500000000000
-131.260000000000	7.44999900000000	-139.164564000000	7.44999900000000
-80.4800000000000	12.8800000000000	-80.4800000000000	14.4600000000000
-73.7800000000000	-120.740000000000	-68.6990442008257	-114.684752672522
-29.8500000000000	-14.0700000000000	-29.8500000000000	-21.9745640000000
-68.8000000000000	-124.920000000000	-63.7190442008257	-118.864752672522
6	73	6.00000017453293	74.0000000000000
10.0000001378810	-4.71000000000001	9.99999986211899	-6.28999999999999
-117.350000000000	-19.0300000000000	-117.350000000000	-26.9345640000000
-91.6600000000000	74.1600000000000	-93.0498886187563	75.3262554407559
-152.450000000000	33.2100000000000	-152.450000000000	37.2100000000000
-75.9300000000000	14.2200000000000	-75.9299995200345	16.9700000000000
-75.9299991971486	18.8199999999999	-75.9299991273354	19.2199999999999
-177.320000000000	75.3530000000000	-173.699596492157	79.6676288871123
-105.038515040000	-18.9100000000000	-107.241484960000	-18.9100000000000
-131.260000000000	1.00999800000000	-139.164564000000	1.00999800000000
-76.0685150400000	-49.6700000000000	-78.2714849600000	-49.6700000000000
-88.4299900000000	32.6300000000000	-88.4299900000000	30.9250400000000
-2	-4.25000000000000	-2	-5.25000000000000
-88.4299900000000	26.9200000000000	-88.4299900000000	30.9200000000000
-71.5248248899360	-128.297802211652	-72.7351751100640	-127.282197788348
-80.3885150400000	-18.9100000000000	-82.5914849600000	-18.9100000000000
-10.1400000000000	55.9500000000000	-10.1400000000000	51.9500000000000
-37.0485150400000	-26.2700000000000	-39.2514849600000	-26.2700000000000
-108.400000000000	70.1100000000000	-105.335822227524	67.5388495612538
-87.4248248899360	52.3921977883476	-88.6351751100640	53.4078022116524
-100.050000000000	-80.1300000000000	-100.050000000000	-76.1300000000000
10	4.75000000000000	10.0000001745329	5.74999999999999
-5.42600000000000	-26.2900000000000	-10.1674720000000	-26.2900000000000
10	30	9.99999930186830	26.0000000000001
-139.369999862119	14.4100000000000	-139.370000137881	12.8300000000000
-17.9000000000000	-34.3100000000000	-13.9000000000000	-34.3100000000000
10	0.749999900000000	10.0000006981317	4.74999989999994
-152.550000000000	19.7100000000000	-144.645436000000	19.7100000000000
-75.9299998621190	8.01000099999999	-75.9300001378810	6.43000100000001
-57.4500000000000	-134.750000000000	-60.5141777724759	-132.178849561254
-105.490000000000	-14.2200000000000	-105.490000000000	-6.31543600000000
-158.130000000000	77.1800000000000	-163.210955799174	71.1247526725217
-47.9090335300000	-22.1700000000000	-45.8109664700000	-22.1700000000000
10	60.7500000000000	10.0000001745329	61.7500000000000
-91.9600000000000	-87.7100000000000	-91.9600000000000	-86.1300000000000
-89.0551751100640	61.5378022116524	-87.8448248899360	60.5221977883476
10.0100000000000	-26.3400000000000	10.0100000000000	-25.6415200000000
-15.8380000000000	-14.0500000000000	-17.9069010000000	-14.0500000000000
-10.1400000000000	-4.04999900000000	-10.1400000000000	-5.04999900000000
-80.4800000000000	-0.179999400000000	-80.4800000000000	1.40000060000000
-100.129033530000	-14.3600000000000	-98.0309664700000	-14.3600000000000
-67.6900000000000	5.17000000000000	-67.6900000000000	1.17000000000000
-104.036000000000	69.0789900000000	-105.376030385860	67.4820039734655
-80.4800000000000	46.5200000000000	-80.4800000000000	38.6154360000000
-170.742000000000	77.0300000000000	-171.756326818652	75.8211723698072
-96.7000000000000	-26.9200000000000	-96.7000000000000	-19.0154360000000
-105.420000000000	67.4900000000000	-103.389422400456	65.7861430851455
-75.6000000000000	26.0400000000000	-67.6954360000000	26.0400000000000
-2	78	-2	74
-2	-17.2900000000000	-2	-21.2900000000000
-167.010000000000	56.4200000000000	-170.074177772476	58.9911504387462
-88.9900000000000	61.4800000000000	-91.0966222185772	63.2476659266380
-92.5138044383473	64.4368230045581	-92.8202222155949	64.6939380484327
-133.639033530000	-14.3600000000000	-131.540966470000	-14.3600000000000
-144.550000000000	20.4000000000000	-152.454564000000	20.4000000000000
1.93000000000000	-10.9300000000000	1.93000085682332	-6.02076400000007
-2.01000000000000	56.4000000000000	-2.01000000000000	56.9800000000000
-148.310000000000	68.9300000000000	-153.390955799174	62.8747526725217
-82.1400000000000	-45	-90.2724080000000	-45
2.00000005061455	44.7900000000000	1.99999994938545	44.2100000000000
-46.0785150400000	-26.2700000000000	-48.2814849600000	-26.2700000000000
10	12.7500000000000	10.0000006981317	16.7499999999999
-91.3090335300000	-14.3600000000000	-89.2109664700000	-14.3600000000000
-86.7599998621190	-99.0300100000000	-86.7600001378810	-100.610010000000
-148.975175110064	58.8478022116524	-147.764824889936	57.8321977883476
-10.1400000000000	-0.0499992400000000	-10.1400000000000	-4.04999924000000
-60.0700000000000	-14.0700000000000	-56.0700000000000	-14.0700000000000
-82.4814849600000	-45.0300000000000	-80.2785150400000	-45.0300000000000
-75.9299998621190	20.7300000000000	-75.9300001378810	19.1500000000000
-86.5099900000000	-87.3000000000000	-78.6054260000000	-87.3000000000000
2	30	2.00000017453293	31.0000000000000
-88.4700000000000	71.7300000000000	-93.5509557991743	65.6747526725217
-91.9800000000000	-68.3500000000000	-91.9800000000000	-71.1000000000000
-91.9800000000000	-72.9500000000000	-91.9800000000000	-73.3500000000000
-17.8600000000000	-34.3300000000000	-17.8600000000000	-26.4254360000000
-65.5190335300000	-22.1700000000000	-63.4209664700000	-22.1700000000000
-2	78.7500000000000	-2	78
-134.230000000000	-49.2200000000000	-134.230000000000	-41.3154360000000
-86.7600000000000	-73.5099900000000	-86.7599995200345	-70.7599900000000
-86.7599991971486	-68.9099900000001	-86.7599991273354	-68.5099900000001
-75.9299998621190	-4.89999900000001	-75.9300001378810	-6.47999899999999
-10.1400000000000	24.4500000000000	-10.1400000000000	28.4500000000000
-115.708515040000	-18.9100000000000	-117.911484960000	-18.9100000000000
-96.7100100000000	-14.2200000000000	-96.7100100000000	-6.31543600000000
-144.320000000000	6.57000000000000	-144.320000000000	3.82000000000000
-144.320000000000	1.97000000000000	-144.320000000000	1.57000000000000
-75.9300000000000	38.8500000000000	-67.6049120000000	38.8500000000000
-90.8300000000000	-6.36000100000000	-90.8300000000000	-14.2645650000000
-76.1499900000000	-34.2300000000000	-76.1499900000000	-26.3254360000000
-92.1014849600000	-45.0300000000000	-89.8985150400000	-45.0300000000000
-152.980000000000	62.4100000000000	-147.899044200826	68.4652473274783
-117.360000000000	-6.36000100000000	-117.360000000000	-14.2645650000000
-56.1700000000000	-14.0700000000000	-56.1700000000000	-21.9745640000000
-105.040000000000	-14.3600000000000	-102.290000000000	-14.3600000000000
-100.440000000000	-14.3600000000000	-100.040000000000	-14.3600000000000
-74.6500000000000	-120.190000000000	-76.7566222185772	-118.422334073362
-78.1738044383473	-117.233176995442	-78.4802222155949	-116.976061951567
-3	38.2900000000000	-3	37.7100000000000
-10.1400000000000	18.2000000000000	-10.1400000000000	16.4950400000000
-2	39.7500000000000	-2	38.7500000000000
2	25	2.00000017453293	26.0000000000000
-72.2385150400000	-26.2700000000000	-74.4414849600000	-26.2700000000000
10	30	10.0000001745329	31.0000000000000
-80.5300000000000	1	-88.4345640000000	1
-100.050000000000	-99.3900000000000	-100.050000000000	-95.3900000000000
-78.6100000000000	-95.4000100000000	-78.6100000000000	-99.4000100000000
-139.060000000000	32.5400000000000	-131.155436000000	32.5400000000000
-35.1500000000000	-22.1700000000000	-32.4000000000000	-22.1700000000000
-30.5500000000000	-22.1700000000000	-30.1500000000000	-22.1700000000000
-81.5900000000000	-49.7100000000000	-78.1163932000000	-49.7100000000000
-143.440000000000	64.8500000000000	-148.520955799174	58.7947526725217
-166.610000000000	66.2599900000000	-171.690955799174	60.2047426725217
-86.7599998621190	-79.8000000000000	-86.7600001378810	-81.3800000000000
-94.0451751100640	65.7278022116524	-92.8348248899360	64.7121977883476
-33.7100000000000	-14.0500000000000	-35.7789010000000	-14.0500000000000
-71.7299900000000	-128.140000000000	-69.6233677814228	-129.907665926638
-68.2061855616527	-131.096823004558	-67.8997677844051	-131.353938048433
-113.940000000000	-14.3600000000000	-111.190000000000	-14.3600000000000
-109.340000000000	-14.3600000000000	-108.940000000000	-14.3600000000000
-75.9300000000000	27.0100000000000	-75.9299995200345	29.7600000000000
-75.9299991971486	31.6099999999999	-75.9299991273354	32.0099999999999
-123.270000000000	-26.9000000000000	-119.270000000000	-26.9000000000000
-79.5000000000000	-116.180000000000	-86.8706671239863	-109.995273742552
-75.9300000000000	7.90000200000000	-75.9299995200345	10.6500020000000
-75.9299991971486	12.5000019999999	-75.9299991273354	12.9000019999999
-148.910000000000	58.7900000000000	-151.016622218577	60.5576659266380
-152.433804438347	61.7468230045581	-152.740222215595	62.0039380484327
-47.7300000000000	-26.4400000000000	-47.7300000000000	-34.3445640000000
-171.710000000000	60.3600000000000	-174.774177772476	62.9311504387462
-101.610000000000	71.9500000000000	-104.674177772476	74.5211504387462
-152.450000000000	-5.38000100000000	-152.450000000000	-1.38000100000000
-122.760000000000	-14.3600000000000	-120.010000000000	-14.3600000000000
-118.160000000000	-14.3600000000000	-117.760000000000	-14.3600000000000
-55.0085150400000	-26.2700000000000	-57.2114849600000	-26.2700000000000
-64.7400000000000	-128.500000000000	-66.8466222185772	-126.732334073362
-68.2638044383473	-125.543176995442	-68.5702222155949	-125.286061951567
-2	68.5000000000000	-2	67.7500000000000
10	44.7500000000000	10.0000006981317	48.7499999999999
2.00000013788101	7.28999999999999	1.99999986211899	5.71000000000001
-113.500000000000	-60.8200000000000	-107.901812000000	-60.8200000000000
-93.0300000000000	65.1100000000000	-87.9490442008257	71.1652473274783
-161.320000000000	79.6700000000000	-158.255822676275	77.0988490264540
-86.7599998621190	-86.1200000000000	-86.7600001378810	-87.7000000000000
-10.1400000000000	30.1600000000000	-10.1400000000000	28.4550400000000
-91.9600000000000	-74.9399900000000	-91.9600000000000	-73.3599900000000
-131.160000000000	17.9200000000000	-131.160000000000	13.9200000000000
10	24.4900000000000	2.09543600000000	24.4900000000000
2	-16.2200000000000	2.00000047996554	-13.4700000000000
2.00000080285146	-11.6200000000001	2.00000087266463	-11.2200000000001
-88.4299900000000	13.3300000000000	-88.4299900000000	11.6250400000000
-131.160000000000	24.3600000000000	-131.160000000000	20.3600000000000
-92.1499900000000	-80.2300000000000	-100.054554000000	-80.2300000000000
-170.364824889936	69.6821977883476	-171.575175110064	70.6978022116524
-10.1400000000000	6.16000000000000	-10.1400000000000	4.45504000000000
-10.1400000000000	0.450000800000000	-10.1400000000000	4.45000080000000
-53.3300000000000	-21.9300000000000	-53.3300000000000	-14.0254360000000
-139.370000000000	7.86000100000000	-139.369999520034	10.6100010000000
-139.369999197149	12.4600009999999	-139.369999127335	12.8600009999999
-139.369999862119	27.3400000000000	-139.370000137881	25.7600000000000
-170.570000000000	69.8400000000000	-168.463377781423	68.0723340733620
-167.046195561653	66.8831769954419	-166.739777784405	66.6260619515673
-162.210000000000	52.3900000000000	-165.274177772476	54.9611504387462
-75.9100000000000	-22.0500000000000	-75.9100000000000	-14.1454360000000
-114.390000000000	-14.2200000000000	-114.390000000000	-6.31543600000000
-67.6900000000000	5.10999900000000	-67.6900000000000	6.92437000000000
-97.7100100000000	50.4400000000000	-92.6290542008257	56.4952473274783
-75.9100000000000	38.3600000000000	-75.9100000000000	41.3049248000000
-97.7400100000000	50.5800000000000	-96.4339348662599	49.4840728369888
-61.1300000000000	-132.890000000000	-60.4832137371511	-132.119190147609
-80.4800000000000	-6.70000000000000	-80.4800000000000	-5.12000000000000
-2.00000000000000	61.7100000000000	-2	63.2900000000000
-68.8500000000000	-14.0500000000000	-70.9189010000000	-14.0500000000000
-75.9300000000000	1.43000000000000	-75.9299995200345	4.17999999999996
-75.9299991971486	6.02999999999993	-75.9299991273354	6.42999999999992
-88.4299900000000	7.61999900000000	-88.4299900000000	11.6199990000000
-131.260000000000	33.2800000000000	-139.164564000000	33.2800000000000
-12.3214849600000	-22.1700000000000	-10.1185150400000	-22.1700000000000
6	78	6.00000013089969	78.7500000000000
-110.470000000000	-26.8900000000000	-108.401099000000	-26.8900000000000
-171.310000000000	59.9200000000000	-166.229044200826	65.9752473274783
-10.1400000000000	-21.1190000000000	-10.1400000000000	-22.1814000000000
-144.550000000000	1.16999800000000	-152.454564000000	1.16999800000000
-139.370000000000	14.3100000000000	-139.369999520034	17.0600000000000
-139.369999197149	18.9099999999999	-139.369999127335	19.3099999999999
10	7.25000000000000	10.0000001745329	8.24999999999998
-60.5200000000000	-132.120000000000	-63.9522248546101	-129.240020369568
-67.7900000000000	1.18999900000000	-75.6945640000000	1.18999900000000
10	16.7500000000000	10.0000001745329	17.7500000000000
-17.8600000000000	-21.9300000000000	-17.8600000000000	-14.0254360000000
-139.060000000000	26.0900000000000	-131.155436000000	26.0900000000000
-63.1900000000000	-135.370000000000	-60.1258222275241	-137.941150438746
-64.2800000000000	-118.340000000000	-69.3609557991743	-124.395247327478
-2.01000000000000	-11.1200000000000	-2.01000000000000	-13.8700000000000
-2.01000000000000	-15.7200000000000	-2.01000000000000	-16.1200000000000
-88.5300000000000	19.7900000000000	-80.6254360000000	19.7900000000000
2	56.2500000000000	1.99999952003446	53.5000000000000
1.99999919714854	51.6500000000001	1.99999912733537	51.2500000000001
2	29	2	26.2500000000000
2.00000000000000	24.4000000000000	2	24
2	0.250000000000000	1.99999952003446	-2.49999999999996
1.99999919714854	-4.34999999999993	1.99999912733537	-4.74999999999992
-18.4800000000000	33.2300000000000	-18.4800000000000	35.9800000000000
-18.4800000000000	37.8300000000000	-18.4800000000000	38.2300000000000
2	36	2	33.2500000000000
2.00000000000000	31.4000000000000	2	31
2	44.2500000000000	1.99999952003446	41.5000000000000
1.99999919714854	39.6500000000001	1.99999912733537	39.2500000000001
2	0.750000000000000	2.00000047996554	3.49999999999996
2.00000080285146	5.34999999999993	2.00000087266463	5.74999999999992
1	68.5000000000000	-1.75000000000000	68.5000000000000
-3.60000000000000	68.5000000000000	-4	68.5000000000000
-2	73	-2	69
-2	49.8200000000000	-2	48.8200000000000
-18.4800000000000	32.7300000000000	-18.4800000000000	29.9800000000000
-18.4800000000000	28.1300000000000	-18.4800000000000	27.7300000000000