7.7776923076923 -31.5315384615385 8.1930769230769 -27.8623076923077
12.7623076923077 6.9607692307692 13.5930769230769 9.45307692307691
11.9315384615385 -2.59307692307689 11.4469230769231 -6.53923076923079
9.8546153846154 -17.2007692307692 9.2315384615385 -20.6623076923077
17.5895652173913 13.6452173913043 10.8417391304348 13.784347826087
15.7392307692308 5.3684615384616 16.4315384615385 9.03769230769231
16.4315384615385 9.03769230769231 13.7315384615385 9.38384615384621
13.7315384615385 9.38384615384621 13.5930769230769 10.2146153846154
13.5930769230769 10.2146153846154 17.1238461538462 9.8684615384616
17.1238461538462 9.8684615384616 17.5392307692308 13.6761538461539
8.2623076923077 -28.0007692307692 9.2315384615385 -20.4546153846154
9.2315384615385 -20.4546153846154 13.3853846153846 -21.2853846153846
13.3853846153846 -21.2853846153846 13.7315384615385 -17.5469230769231
13.7315384615385 -17.5469230769231 9.8546153846154 -17.1315384615385
9.8546153846154 -17.1315384615385 11.3084615384615 -6.60846153846149
11.3084615384615 -6.60846153846149 15.1853846153846 -6.8853846153846
15.1853846153846 -6.8853846153846 15.4623076923077 -3.42384615384609
15.3930769230769 -3.49307692307689 11.9315384615385 -2.66230769230769
11.9315384615385 -2.66230769230769 12.8315384615385 7.03
12.8315384615385 7.03 15.7392307692308 5.09153846153851
3.7623076923077 -38.1084615384615 3.4161538461538 -42.8853846153846
3.4161538461538 -42.8853846153846 3.2776923076923 -43.9238461538461
3.2776923076923 -43.9238461538461 2.7238461538462 -44.0623076923077
2.7238461538462 -44.0623076923077 2.7238461538462 -45.7238461538461
2.7238461538462 -45.7238461538461 1.4084615384615 -45.7238461538461
1.4084615384615 -45.7238461538461 0.300769230769202 -55.7623076923077
0.300769230769202 -55.7623076923077 0.993076923076902 -55.9007692307692
0.923846153846203 -55.7623076923077 0.8546153846154 -56.9392307692308
0.8546153846154 -56.9392307692308 3.4853846153846 -57.3546153846154
3.3469230769231 -57.3546153846154 3.7623076923077 -55.7623076923077
3.7623076923077 -55.7623076923077 4.1084615384615 -53.8238461538461
4.1084615384615 -53.8238461538461 3.4853846153846 -53.27
3.4853846153846 -53.27 3.6930769230769 -50.8469230769231
3.6930769230769 -50.8469230769231 4.5238461538462 -50.9161538461538
4.5238461538462 -50.9161538461538 5.2161538461539 -43.0238461538461
5.1469230769231 -43.0930769230769 6.3238461538462 -42.9546153846154
6.3238461538462 -42.9546153846154 7.8469230769231 -31.2546153846154
7.8469230769231 -31.2546153846154 11.5161538461539 -31.8776923076923
11.5161538461539 -31.8776923076923 11.9315384615385 -28.6238461538461
11.9315384615385 -28.6238461538461 8.4007692307692 -27.8623076923077
3.97 -14.3623076923077 3.7623076923077 -18.2392307692308
3.7623076923077 -18.2392307692308 7.4315384615385 -18.7930769230769
7.4315384615385 -18.7930769230769 5.77 -25.5776923076923
5.77 -25.5776923076923 2.5853846153846 -24.9546153846154
2.5853846153846 -24.9546153846154 2.0315384615385 -30.2161538461538
2.0315384615385 -30.2161538461538 5.4930769230769 -30.5623076923077
5.3546153846154 -30.5623076923077 4.3161538461538 -36.3084615384615
4.3161538461538 -36.3084615384615 1.0623076923077 -35.9623076923077
0.993076923076902 -36.0315384615385 0.716153846153901 -37.6930769230769
0.716153846153901 -37.6930769230769 3.8315384615385 -38.1084615384615
10.2007692307692 2.2530769230769 4.4546153846154 2.94538461538461
4.4546153846154 2.94538461538461 3.97 -2.3853846153846
3.97 -2.3853846153846 8.9546153846154 -3.0776923076923
8.9546153846154 -3.0776923076923 10.27 2.3223076923077
4.1776923076923 -5.70846153846149 4.3161538461538 -4.5315384615385
4.3161538461538 -4.5315384615385 5.0776923076923 -4.80846153846149
5.0776923076923 -4.80846153846149 4.7315384615385 -7.5084615384615
4.7315384615385 -7.5084615384615 8.8161538461539 -8.3392307692308
8.8161538461539 -8.3392307692308 7.5007692307692 -14.7776923076923
7.5007692307692 -14.7776923076923 4.1084615384615 -14.6392307692308
11.1007692307692 8.4146153846154 10.27 8.6223076923077
10.2007692307692 8.69153846153851 10.2007692307692 9.31461538461541
10.3392307692308 9.17615384615391 7.5007692307692 10.0761538461539
7.5007692307692 10.0761538461539 7.2930769230769 7.72230769230771
7.2238461538462 7.86076923076921 11.0315384615385 7.30692307692311
11.0315384615385 7.30692307692311 10.6853846153846 4.19153846153851
10.6853846153846 4.19153846153851 6.1161538461538 4.60692307692311
6.1161538461538 4.60692307692311 -3.8530769230769 5.5069230769231
-3.8530769230769 5.5069230769231 -5.7223076923077 -4.25461538461539
-5.7223076923077 -4.25461538461539 4.2469230769231 -5.91615384615379
-12.23 13.2607692307692 -5.0992307692308 12.3607692307692
-5.0992307692308 12.3607692307692 -5.2376923076923 10.5607692307692
-5.2376923076923 10.5607692307692 -1.8453846153846 9.7992307692308
-1.9146153846154 9.7992307692308 -1.5684615384615 11.8069230769231
-1.5684615384615 11.8069230769231 3.07 11.4607692307692
3.07 11.4607692307692 2.6546153846154 8.1376923076923
2.6546153846154 8.1376923076923 3.9007692307692 7.93000000000001
3.9007692307692 7.93000000000001 4.4546153846154 11.1146153846154
4.4546153846154 11.1146153846154 10.8238461538462 10.5607692307692
10.8238461538462 10.5607692307692 11.1007692307692 8.5530769230769
-0.2530769230769 14.9223076923077 5.9776923076923 14.0915384615385
5.9776923076923 14.0915384615385 5.9084615384615 14.9915384615385
5.9084615384615 14.9915384615385 10.6853846153846 14.5761538461539
10.6853846153846 14.5761538461539 10.7546153846154 13.7453846153846
10.7546153846154 13.7453846153846 11.1007692307692 13.6069230769231
-12.23 13.1915384615385 -11.8838461538461 16.2376923076923
-11.8838461538461 16.2376923076923 -2.5376923076923 15.1992307692308
-2.5376923076923 15.1992307692308 -2.33 15.9607692307692
-2.33 15.9607692307692 -0.460769230769198 15.8223076923077
-0.460769230769198 15.7530769230769 -0.3223076923077 14.8530769230769
