-2.16 -1.7542 -2.16 1.534925
-2.16 1.534925 2.16 1.534925
2.16 1.534925 2.16 -1.534925
2.16 -1.534925 -1.35 -1.534925
-1.35 -1.534925 -1.35 -1.7542
-2.16 -1.096375 1.62 -1.096375
2.16 0.219275 1.08 0.219275
1.08 0.219275 1.08 0.8771
1.08 1.31565 1.08 1.534925
-2.16 0.219275 -0.54 0.219275
-0.54 0.219275 -0.54 1.096375
-0.54 -1.096375 -0.54 -0.219275
1.4364 0.43855 1.7928 0.43855
1.7928 0.43855 1.7928 1.31565
1.7928 1.31565 1.4364 1.31565
1.4364 1.31565 1.4364 0.43855
-1.7928 0.52626 -0.864 0.52626
-0.864 0.52626 -0.864 0.78939
-0.864 0.78939 -1.7928 0.78939
-1.7928 0.78939 -1.7928 0.52626
-1.7928 1.05252 -0.864 1.05252
-0.864 1.05252 -0.864 1.31565
-0.864 1.31565 -1.7928 1.31565
-1.7928 1.31565 -1.7928 1.05252
-1.89 -0.219275 -0.81 -0.219275
-0.81 -0.219275 -0.81 0
-0.81 0 -1.89 0
-1.89 0 -1.89 -0.219275
-1.89 -0.657825 -1.62 -0.657825
-1.62 -0.657825 -1.62 -0.43855
-1.62 -0.43855 -1.89 -0.43855
-1.89 -0.43855 -1.89 -0.657825
-0.81 -0.43855 -0.81 -0.657825
-0.81 -0.657825 -1.08 -0.657825
-1.08 -0.657825 -1.08 -0.43855
-1.08 -0.43855 -0.81 -0.43855
-0.108 1.534925 -0.108 0.8771
0.108 1.534925 0.108 0.8771
0.432 1.534925 0.432 0.8771
0.648 1.534925 0.648 0.8771
-0.108 0.8771 0.108 0.8771
0.432 0.8771 0.648 0.8771
-0.216 -0.657825 0.108 -0.657825
0.108 -0.657825 0.108 0.43855
0.108 0.43855 -0.216 0.43855
-0.216 0.43855 -0.216 -0.657825
0.54 -0.657825 1.35 -0.657825
1.35 -0.657825 1.35 -0.394695
1.35 -0.394695 0.54 -0.394695
0.54 -0.394695 0.54 -0.657825
0.54 -0.131565 0.54 0.08771
0.54 0.08771 0.81 0.08771
0.81 0.08771 0.81 -0.131565
0.81 -0.131565 0.54 -0.131565
