-1.77125 -1.55714285714286
-1.77125 -1.16785714285714
1.9075 -1.16785714285714
1.9075 -0.973214285714286
1.9075 -0.778571428571429
-0.545 0
0.327 -0.778571428571429
0.327 -0.233571428571429
1.9075 -0.233571428571429
1.9075 0
0.981 0
0.981 0.583928571428572
0.872 0.973214285714286
1.09 0.973214285714286
1.2535 0.973214285714286
1.2535 0.311428571428571
1.9075 0.311428571428571
1.9075 1.24571428571429
1.2535 1.24571428571429
-1.09 -1.16785714285714
0 -1.16785714285714
1.09 -1.16785714285714
0.327 0.583928571428572
-0.3815 0.583928571428572
-0.3815 0
-0.3815 -0.778571428571429
0.545 0.194642857142857
-0.3815 1.16785714285714
-0.545 1.16785714285714
-0.7085 1.16785714285714
-0.7085 1.24571428571429
-0.7085 0.311428571428571
-2.0165 0.311428571428571
-2.0165 1.24571428571429
-2.0165 0.778571428571429
-0.7085 0.778571428571429
-0.7085 0
-0.7085 0.0778571428571429
-2.0165 0.0778571428571429
-2.0165 -0.311428571428571
-2.0165 -0.778571428571429
-0.7085 -0.778571428571429
-0.7085 -0.311428571428571
