34.2813582018173 -16.5265614538498
13.0496045736065 1.01644592663173
2.80533587422583 0.250519294902332
-5.71559790376369 -0.371796093377796
3.71487374940448 -1.23346355407337
2.47024297284421 -2.66957598856598
1.60857551214864 -4.82374464030491
2.1351500714626 -7.36087660790853
14.8686803239638 -17.5572748928061
8.31043353978085 -26.2218199142449
17.4536827060505 -37.9022010481182
78.8714244878514 14.5159028108623
69.871786565031 10.1118246784183
61.0157598856598 6.85663649356837
51.6331586469748 4.60672701286327
35.8837922820391 2.78765126250595
23.9161886612673 1.92598380181039
25.7831348261077 -4.00994759409242
24.9214673654121 -5.63754168651739
24.0597999047165 -7.02578370652692
34.3827727489281 -15.5775512148642
