0 0 0 30
0 30 40 30
40 30 40 0
0 0 8 0
8 2 32 2
32 0 40 0
0 20 3 20
5 20 8 20
0 12 3 12
5 12 8 12
0 9 3 9
5 9 8 9
8 9 8.5 9
10.5 9 15.5 9
17.5 9 20 9
22 9 28 9
30 9 40 9
8 23 9 23
11 23 12 23
8 0 8 9.5
8 11.5 8 20.5
8 22.5 8 30
12 14 19 14
21 14 28 14
28 14 28 30
12 14 12 20.5
12 22.5 12 30
11 2 11 9
15 2 15 3
15 5 15 9
18 2 18 9
25 2 25 9
32 0 32 5
32 7 32 9.5
32 11.5 32 22
32 24 32 30
32 9 40 9
32 12 35 12
37 12 40 12
32 20 40 20
28 25 29 25
31 25 32 25
18 14 18 17
18 19 18 20
22 14 22 20
12 20 18 20
22 20 24 20
26 20 28 20
11 6 15 6