-2 -2 -2 1.75
-2 1.75 2 1.75
2 1.75 2 -1.75
2 -1.75 -1.25 -1.75
-1.25 -1.75 -1.25 -2
-2 -1.25 1.5 -1.25
2 .25 1 .25
1 .25 1 1
1 1.5 1 1.75
-2 .25 -.5 .25
-.5 .25 -.5 1.25
-.5 -1.25 -.5 -.25
1.33 .5 1.66 .5
1.66 .5 1.66 1.5
1.66 1.5 1.33 1.5
1.33 1.5 1.33 .5
-1.66 .6 -.8 .6
-.8 .6 -.8 .9
-.8 .9 -1.66 .9
-1.66 .9 -1.66 .6 
-1.66 1.2 -.8 1.2
-.8 1.2 -.8 1.5
-.8 1.5 -1.66 1.5
-1.66 1.5 -1.66 1.2
-1.75 -.25 -.75 -.25
-.75 -.25 -.75 0
-.75 0 -1.75 0
-1.75 0 -1.75 -.25
-1.75 -.75 -1.5 -.75
-1.5 -.75 -1.5 -.5
-1.5 -.5 -1.75 -.5
-1.75 -.5 -1.75 -.75
-.75 -.5 -.75 -.75
-.75 -.75 -1 -.75
-1 -.75 -1 -.5
-1 -.5 -.75 -.5
-.1 1.75 -.1 1
.1 1.75 .1 1
.4 1.75 .4 1
.6 1.75 .6 1
-.1 1 .1 1
.4 1 .6 1
-.2 -.75 .1 -.75
.1 -.75 .1 .5
.1 .5 -.2 .5
-.2 .5 -.2 -.75
.5 -.75 1.25 -.75
1.25 -.75 1.25 -.45
1.25 -.45 .5 -.45
.5 -.45 .5 -.75
.5 -.15 .5 .1
.5 .1 .75 .1
.75 .1 .75 -.15
.75 -.15 .5 -.15