-2.18 -1.55714285714286 -2.18 1.3625
-2.18 1.3625 2.18 1.3625
2.18 1.3625 2.18 -1.3625
2.18 -1.3625 -1.3625 -1.3625
-1.3625 -1.3625 -1.3625 -1.55714285714286
-2.18 -0.973214285714286 1.635 -0.973214285714286
2.18 0.194642857142857 1.09 0.194642857142857
1.09 0.194642857142857 1.09 0.778571428571429
1.09 1.16785714285714 1.09 1.3625
-2.18 0.194642857142857 -0.545 0.194642857142857
-0.545 0.194642857142857 -0.545 0.973214285714286
-0.545 -0.973214285714286 -0.545 -0.194642857142857
1.4497 0.389285714285714 1.8094 0.389285714285714
1.8094 0.389285714285714 1.8094 1.16785714285714
1.8094 1.16785714285714 1.4497 1.16785714285714
1.4497 1.16785714285714 1.4497 0.389285714285714
-1.8094 0.467142857142857 -0.872 0.467142857142857
-0.872 0.467142857142857 -0.872 0.700714285714286
-0.872 0.700714285714286 -1.8094 0.700714285714286
-1.8094 0.700714285714286 -1.8094 0.467142857142857
-1.8094 0.934285714285714 -0.872 0.934285714285714
-0.872 0.934285714285714 -0.872 1.16785714285714
-0.872 1.16785714285714 -1.8094 1.16785714285714
-1.8094 1.16785714285714 -1.8094 0.934285714285714
-1.9075 -0.194642857142857 -0.8175 -0.194642857142857
-0.8175 -0.194642857142857 -0.8175 0
-0.8175 0 -1.9075 0
-1.9075 0 -1.9075 -0.194642857142857
-1.9075 -0.583928571428572 -1.635 -0.583928571428572
-1.635 -0.583928571428572 -1.635 -0.389285714285714
-1.635 -0.389285714285714 -1.9075 -0.389285714285714
-1.9075 -0.389285714285714 -1.9075 -0.583928571428572
-0.8175 -0.389285714285714 -0.8175 -0.583928571428572
-0.8175 -0.583928571428572 -1.09 -0.583928571428572
-1.09 -0.583928571428572 -1.09 -0.389285714285714
-1.09 -0.389285714285714 -0.8175 -0.389285714285714
-0.109 1.3625 -0.109 0.778571428571429
0.109 1.3625 0.109 0.778571428571429
0.436 1.3625 0.436 0.778571428571429
0.654 1.3625 0.654 0.778571428571429
-0.109 0.778571428571429 0.109 0.778571428571429
0.436 0.778571428571429 0.654 0.778571428571429
-0.218 -0.583928571428572 0.109 -0.583928571428572
0.109 -0.583928571428572 0.109 0.389285714285714
0.109 0.389285714285714 -0.218 0.389285714285714
-0.218 0.389285714285714 -0.218 -0.583928571428572
0.545 -0.583928571428572 1.3625 -0.583928571428572
1.3625 -0.583928571428572 1.3625 -0.350357142857143
1.3625 -0.350357142857143 0.545 -0.350357142857143
0.545 -0.350357142857143 0.545 -0.583928571428572
0.545 -0.116785714285714 0.545 0.0778571428571429
0.545 0.0778571428571429 0.8175 0.0778571428571429
0.8175 0.0778571428571429 0.8175 -0.116785714285714
0.8175 -0.116785714285714 0.545 -0.116785714285714
