-1.755 -1.7542
-1.755 -1.31565
1.89 -1.31565
1.89 -1.096375
1.89 -0.8771
-0.54 0
0.324 -0.8771
0.324 -0.26313
1.89 -0.26313
1.89 0
0.972 0
0.972 0.657825
0.864 1.096375
1.08 1.096375
1.242 1.096375
1.242 0.35084
1.89 0.35084
1.89 1.40336
1.242 1.40336
-1.08 -1.31565
0 -1.31565
1.08 -1.31565
0.324 0.657825
-0.378 0.657825
-0.378 0
-0.378 -0.8771
0.54 0.219275
-0.378 1.31565
-0.54 1.31565
-0.702 1.31565
-0.702 1.40336
-0.702 0.35084
-1.998 0.35084
-1.998 1.40336
-1.998 0.8771
-0.702 0.8771
-0.702 0
-0.702 0.08771
-1.998 0.08771
-1.998 -0.35084
-1.998 -0.8771
-0.702 -0.8771
-0.702 -0.35084
