-2.07167575993765 18.0418706157443
-8.86674980514419 17.7645206547155
-17.1872486360094 17.4178332034295
4.7233982852689 -1.51130163678878
0.701823850350738 -1.30328916601715
0.355136399064694 1.2621979734996
4.51538581449728 1.95557287607171
4.44604832424006 9.23600935307871
4.30737334372565 12.1481839438815
4.03002338269681 16.0310833982853
3.82201091192518 18.249883086516
6.66484801247077 19.0819329696025
10.062385035074 18.1805455962588
3.05929851909587 -48.7994699922058
2.92062353858145 -44.569883086516
2.92062353858145 -42.4897583787997
3.89134840218238 -41.6577084957132
4.16869836321122 -38.953546375682
4.16869836321122 -36.0413717848792
4.86207326578332 -35.7640218238504
4.58472330475448 -31.673109898675
5.13942322681216 -24.9473733437256
5.07008573655495 -26.8888230709275
5.07008573655495 -23.9073109898675
1.67254871395167 -23.7686360093531
1.67254871395167 -22.0351987529228
4.86207326578332 -20.8564614185503
5.00074824629774 -14.2693998441154
5.13942322681216 -13.2293374902572
4.93141075604053 -12.5359625876851
2.15791114575214 -11.2878877630553
4.79273577552611 -9.55445050662511
4.7233982852689 -3.31407638347623
