4.61703839122486 -5.26595978062157 6.45104204753199 -5.79948811700183
6.45104204753199 -5.79948811700183 6.15093235831809 -7.13330895795247
6.15093235831809 -7.13330895795247 4.11685557586837 -6.29967093235832
4.11685557586837 -6.29967093235832 4.58369287020109 -5.09923217550275
3.95012797074954 2.87034734917733 4.41696526508226 4.47093235831809
-5.55334552102377 -3.13184643510055 -3.31919561243145 4.77104204753199
-3.31919561243145 4.77104204753199 6.55107861060329 2.03670932358318
6.51773308957952 2.03670932358318 4.35027422303473 -4.69908592321755
4.2835831809872 -4.56570383912249 4.0835100548446 -6.23297989031079
3.98347349177331 -6.09959780621572 -5.3199268738574 -2.93177330895795
