1.84792758456408 -0.0845736064792817 2.08727965697951 -2.57383515959981
24.5863744640305 -1.56855645545498 24.873596950929 -4.72800381133874
65.0368747022392 8.53210100047642 68.3878037160553 9.96821343496903
68.3878037160553 9.96821343496903 72.3131777036684 11.6915483563602
9.24545193687231 0.00386417981826526 9.38961262553802 -2.01438546150167
9.38961262553802 -2.01438546150167 17.7028790052606 -1.34163558106169
17.7028790052606 -1.34163558106169 17.5106647537064 0.676614060258252
17.5106647537064 0.676614060258252 21.4991104734577 -0.140296508847442
21.4991104734577 -0.140296508847442 24.6225920612147 -1.4857962697274
0.17246307765603 -3.24402096236303 2.1351500714626 -2.57383515959981
1.84792758456408 -0.180314435445453 -0.258370652691756 -0.659018580276324
-0.306241067174842 -0.563277751310153 -6.24217246307765 -1.28133396855645
-6.24217246307765 -1.28133396855645 -6.33791329204383 0.0590376369699896
9.21997141495951 0.0590376369699896 6.01265364459267 -1.37707479263
6.01265364459267 -1.37707479752263 2.5181133873273 -3.3876322058123
2.5181133873273 -3.3876322058123 2.66172463077656 -6.83430204859457
2.66172463077656 -6.83430204859457 14.9165507384469 -16.5998666031444
14.9165507384469 -16.5998666031444 24.873596950929 -4.68013339685564
2.5179531324725 -3.55209947393591 2.5179531324725 -3.55209947393591
17.6930347784659 -39.0510909957122 16.3526631729395 -38.2851643639829
16.3526631729395 -38.2851643639829 33.8253644592663 -15.9296808003811
33.8253644592663 -15.9296808003811 24.0119294902334 -7.98319199618867
24.0119294902334 -7.98319199618867 8.31043353978085 -27.2270986183897
8.31043353978085 -27.2270986183897 7.06580276322058 -26.2218199142449
7.06580276322058 -26.2218199142449 13.9591424487851 -17.8923677941877
13.9591424487851 -17.8923677941877 9.74654597427347 -14.2542162934731
9.74654597427347 -14.2542162934731 4.33718913768461 -9.85013816102907
4.33718913768461 -9.85013816102907 0.555426393520726 -6.73856121962839
0.555426393520726 -6.73856121962839 0.17246307765603 -3.19615054787995
79.9724440209624 14.5159028108623 72.2653072891853 10.3990471653168
72.3610481181515 10.5426584087661 65.2762267746546 7.4789518818485
65.3240971891377 7.52682229633159 56.5159409242497 4.79820867079562
56.5159409242497 4.79820867079562 46.0801905669367 3.12274416388756
46.0801905669367 3.12274416388756 33.0594378275369 2.06959504525965
33.0594378275369 2.06959504525965 26.501191043354 1.59089090042878
26.501191043354 1.59089090042878 27.0277656026679 -4.24929966650786
26.9798951881849 -4.20142925202478 24.873596950929 -6.93004287756074
24.873596950929 -6.93004287756074 35.7401810385898 -15.7381991424488
35.7401810385898 -15.6903287279657 17.6451643639829 -39.0510909957122
-6.33791329204383 0.0590376369699896 9.74654597427347 1.44727965697952
9.74654597427347 1.44727965697952 17.6930347784659 2.06959504525965
17.6930347784659 2.06959504525965 35.2614768937589 3.40996665078609
35.2614768937589 3.40996665078609 47.4205621724631 4.51098618389709
47.4205621724631 4.51098618389709 52.6863077656027 5.2290424011434
52.6863077656027 5.2290424011434 58.4786279180562 6.52154359218676
58.4786279180562 6.52154359218676 65.0368747022392 8.53210100047642
71.4515102429729 11.7394187708433 72.4089185326346 11.7872891853263
72.4089185326346 11.7872891853263 79.3501286326822 15.4733111005241
79.3501286326822 15.5211815150071 79.9724440209624 14.5159028108623
