10.7418862042089 -48.5409197194076 10.7418862042089 -38.417646141855
10.7418862042089 -38.3483086515978 12.1286360093531 -38.2789711613406
12.1286360093531 -38.2789711613406 12.0592985190959 -30.4438347622759
12.0592985190959 -30.4438347622759 8.7310989867498 -30.4438347622759
8.7310989867498 -30.4438347622759 8.59242400623539 -28.7103975058457
8.59242400623539 -28.7103975058457 12.3366484801247 -28.5717225253313
12.3366484801247 -28.5717225253313 13.1686983632112 -23.0247233047545
13.1686983632112 -23.0247233047545 8.7310989867498 -23.0940607950117
8.7310989867498 -23.0940607950117 8.59242400623539 -18.1017614964926
8.59242400623539 -18.1017614964926 12.1979734996103 -17.893749025721
