3.97 4.19153846153851
8.1238461538462 3.56846153846151
4.1776923076923 -3.49307692307689
1.3392307692308 -3.49307692307689
-2.6761538461538 -2.1776923076923
-2.0530769230769 3.36076923076921
2.3776923076923 2.73769230769231
11.9315384615385 7.58384615384621
12.2084615384615 11.4607692307692
15.7392307692308 11.9453846153846
7.9161538461538 12.4992307692308
3.9007692307692 12.7069230769231
-1.0838461538462 13.33
-2.5376923076923 13.4684615384615
-3.1607692307692 11.7376923076923
-7.9376923076923 14.6453846153846
5.77 -3.28538461538459
3.6930769230769 -46.6238461538462
4.1776923076923 -43.7161538461538
4.5238461538462 -41.2930769230769
5.4238461538462 -37.6238461538462
2.3776923076923 -37.07
6.2546153846154 -31.8084615384615
7.0853846153846 -28.4853846153846
5.2853846153846 -29.8007692307692
5.4238461538462 -26.4776923076923
3.6930769230769 -27.6546153846154
7.3623076923077 -24.47
8.7469230769231 -18.8623076923077
8.8161538461539 -16.9238461538461
6.2546153846154 -16.8546153846154
9.4392307692308 -11.5930769230769
9.8546153846154 -7.16230769230769
7.0853846153846 -6.46999999999999
7.57 -4.25461538461539
10.3392307692308 -3.77
11.4469230769231 2.80692307692311
1.8238461538462 -52.9930769230769
2.3776923076923 -48.4238461538461
2.17 -56.1084615384615
2.3776923076923 -54.8623076923077
